0.01 0.0099 0.99 0.490099
0.02 0.019601 0.9701 0.470739
0.03 0.029006 0.940499 0.44269
0.04 0.0380209 0.901493 0.407068
0.05 0.0465556 0.853472 0.365291
0.06 0.0545248 0.796916 0.319024
0.07 0.0618487 0.732392 0.270111
0.08 0.0684542 0.660543 0.220501
0.09 0.074275 0.582089 0.172172
0.1 0.0792532 0.497814 0.12705
0.11 0.0833388 0.408561 0.0869335
0.12 0.086491 0.315222 0.0534227
0.13 0.0886783 0.218731 0.0278535
0.14 0.0898788 0.120052 0.0112454
0.15 0.0900806 0.0201736 0.00426074
0.16 0.0892815 -0.0799069 0.00717815
0.17 0.0874896 -0.179188 0.0198815
0.18 0.0847228 -0.276678 0.0418644
0.19 0.0810088 -0.371401 0.0722505
0.2 0.0763847 -0.46241 0.109829
0.21 0.0708968 -0.548794 0.153101
0.22 0.0645999 -0.629691 0.200342
0.23 0.057557 -0.704291 0.249669
0.24 0.0498385 -0.771848 0.299117
0.25 0.0415216 -0.831687 0.346713
0.26 0.0326895 -0.883208 0.390563
0.27 0.0234306 -0.925898 0.428918
0.28 0.0138373 -0.959328 0.460251
0.29 0.00400562 -0.983166 0.483315
0.3 -0.00596609 -0.997171 0.497193
0.31 -0.0159781 -1.00121 0.501333
0.32 -0.0259304 -0.995227 0.495574
0.33 -0.0357234 -0.979296 0.480149
0.34 -0.0452591 -0.953573 0.455675
0.35 -0.0544422 -0.918314 0.423132
0.36 -0.063181 -0.873872 0.383822
0.37 -0.0713879 -0.820691 0.339315
0.38 -0.0789809 -0.759303 0.291389
0.39 -0.0858841 -0.690322 0.24196
0.4 -0.0920285 -0.614438 0.193002
0.41 -0.0973526 -0.532409 0.146469
0.42 -0.101803 -0.445057 0.10422
0.43 -0.105336 -0.353254 0.0679419
0.44 -0.107915 -0.257918 0.0390836
0.45 -0.109515 -0.160003 0.0187972
0.46 -0.11012 -0.0604881 0.00789259
0.47 -0.109723 0.0396316 0.00680495
0.48 -0.10833 0.139355 0.0155776
0.49 -0.105953 0.237685 0.0338601
0.5 -0.102617 0.333638 0.0609223
0.51 -0.0983541 0.426255 0.0956833
0.52 -0.0932081 0.514609 0.136755
0.53 -0.0872299 0.597817 0.182497
0.54 -0.0804794 0.675047 0.231083
0.55 -0.0730242 0.745526 0.280571
0.56 -0.0649386 0.80855 0.328985
0.57 -0.0563038 0.863489 0.374392
0.58 -0.0472058 0.909793 0.414976
0.59 -0.0377358 0.946999 0.449115
0.6 -0.0279885 0.974735 0.475445
0.61 -0.0180613 0.992723 0.492913
0.62 -0.00805342 1.00078 0.500817
0.63 0.00193495 0.998838 0.49884
0.64 0.011804 0.986903 0.487058
0.65 0.021455 0.965099 0.465938
0.66 0.0307914 0.933644 0.436319
0.67 0.0397199 0.892852 0.399382
0.68 0.0481513 0.843132 0.356595
0.69 0.0560011 0.784981 0.309666
0.7 0.0631909 0.71898 0.260463
0.71 0.0696488 0.645789 0.210947
0.72 0.0753102 0.566141 0.163093
0.73 0.0801185 0.48083 0.118808
0.74 0.0840256 0.390712 0.079858
0.75 0.0869925 0.296686 0.0477952
0.76 0.0889894 0.199694 0.0238984
0.77 0.0899964 0.100704 0.00912037
0.78 0.0900035 0.000708001 0.00405057
0.79 0.0890106 -0.0992955 0.00889124
0.8 0.0870275 -0.198306 0.0234495
0.81 0.0840742 -0.295334 0.0471452
0.82 0.0801801 -0.389408 0.0790336
0.83 0.0753842 -0.479588 0.117844
0.84 0.0697345 -0.564972 0.162028
0.85 0.0632874 -0.644707 0.209826
0.86 0.0561075 -0.717994 0.259332
0.87 0.0482665 -0.784101 0.308572
0.88 0.0398428 -0.842368 0.355586
0.89 0.0309207 -0.892211 0.398498
0.9 0.0215894 -0.933131 0.4356
0.91 0.0119422 -0.964721 0.465414
0.92 0.00207553 -0.986663 0.486754
0.93 -0.00791185 -0.998738 0.498771
0.94 -0.0179201 -1.00083 0.500987
0.95 -0.0278492 -0.992906 0.493319
0.96 -0.0375998 -0.975057 0.476075
0.97 -0.0470743 -0.947458 0.449946
0.98 -0.0561782 -0.910383 0.415977
0.99 -0.0648202 -0.864205 0.375526
1 -0.0729141 -0.809385 0.33021
1.01 -0.0803788 -0.746471 0.28184
1.02 -0.0871397 -0.676092 0.232347
1.03 -0.0931292 -0.598952 0.183708
1.04 -0.0982874 -0.515823 0.137867
1.05 -0.102563 -0.427536 0.0966529
1.06 -0.105913 -0.334973 0.0617121
1.07 -0.108303 -0.23906 0.0344397
1.08 -0.109711 -0.140757 0.0159245
1.09 -0.110121 -0.0410465 0.00690574
1.1 -0.10953 0.0590747 0.00774336
1.11 -0.107944 0.158605 0.0184038
1.12 -0.105379 0.256549 0.0384612
1.13 -0.10186 0.351928 0.0671145
1.14 -0.0974217 0.443788 0.103219
1.15 -0.0921096 0.53121 0.145334
1.16 -0.0859764 0.613319 0.191776
1.17 -0.0790835 0.689296 0.240691
1.18 -0.0714997 0.758379 0.290126
1.19 -0.0633009 0.819879 0.338104
1.2 -0.0545691 0.87318 0.38271
1.21 -0.0453916 0.917749 0.422162
1.22 -0.0358602 0.95314 0.454881
1.23 -0.0260702 0.979001 0.479561
1.24 -0.0161195 0.995071 0.495213
1.25 -0.00610758 1.00119 0.50121
1.26 0.0038654 0.997298 0.497309
1.27 0.0136997 0.983432 0.483664
1.28 0.023297 0.959733 0.460815
1.29 0.0325614 0.926436 0.429672
1.3 0.0414001 0.883874 0.391474
1.31 0.0497249 0.832474 0.347743
1.32 0.0574524 0.772749 0.300221
1.33 0.0645054 0.705297 0.250802
1.34 0.0708133 0.630792 0.201456
1.35 0.076313 0.549978 0.15415
1.36 0.0809497 0.463665 0.110769
1.37 0.0846769 0.372715 0.0730435
1.38 0.0874572 0.278039 0.0424771
1.39 0.0892631 0.180581 0.0202888
1.4 0.0900762 0.0813183 0.0073632
1.41 0.0898887 -0.0187579 0.00421592
1.42 0.0887022 -0.118647 0.0109725
1.43 0.0865287 -0.217349 0.0273638
1.44 0.0833899 -0.313877 0.0527365
1.45 0.0793173 -0.407267 0.086079
1.46 0.0743514 -0.496585 0.126062
1.47 0.0685421 -0.580936 0.171092
1.48 0.0619473 -0.659478 0.219374
1.49 0.054633 -0.731425 0.268984
1.5 0.0466724 -0.796058 0.317944
1.51 0.0381451 -0.852731 0.364302
1.52 0.0291364 -0.900876 0.406213
1.53 0.0197362 -0.940012 0.442006
1.54 0.0100388 -0.969749 0.470257
1.55 0.000140882 -0.989787 0.489839
1.56 -0.0098584 -0.999928 0.499977
1.57 -0.0198591 -1.00007 0.500267
1.58 -0.0297612 -0.990211 0.490701
1.59 -0.0394657 -0.970449 0.471665
1.6 -0.0488755 -0.940984 0.44392
1.61 -0.0578966 -0.902108 0.408576
1.62 -0.0664387 -0.854212 0.367046
1.63 -0.0744165 -0.797773 0.32099
1.64 -0.08175 -0.733356 0.272247
1.65 -0.0883661 -0.661606 0.222766
1.66 -0.0941985 -0.58324 0.174521
1.67 -0.0991889 -0.499042 0.129441
1.68 -0.103287 -0.409853 0.0893238
1.69 -0.106453 -0.316565 0.055773
1.7 -0.108654 -0.220112 0.0301276
1.71 -0.109869 -0.121458 0.0134116
1.72 -0.110085 -0.0215893 0.00629237
1.73 -0.1093 0.0784954 0.00905398
1.74 -0.107522 0.177795 0.021586
1.75 -0.104769 0.275317 0.0433879
1.76 -0.101068 0.370086 0.073589
1.77 -0.0964562 0.461153 0.110983
1.78 -0.0909801 0.54761 0.154077
1.79 -0.0846942 0.62859 0.201149
1.8 -0.0776614 0.703284 0.25032
1.81 -0.069952 0.770945 0.299625
1.82 -0.061643 0.830897 0.347095
1.83 -0.0528176 0.88254 0.390833
1.84 -0.043564 0.925358 0.429092
1.85 -0.0339748 0.958922 0.460343
1.86 -0.0241458 0.982897 0.483334
1.87 -0.0141754 0.997042 0.497147
1.88 -0.00416321 1.00122 0.501227
1.89 0.0057906 0.995381 0.495408
1.9 0.0155865 0.97959 0.47992
1.91 0.0251265 0.954004 0.455377
1.92 0.0343153 0.918877 0.422757
1.93 0.0430609 0.874562 0.383357
1.94 0.0512759 0.821501 0.338747
1.95 0.0588782 0.760225 0.290704
1.96 0.0657917 0.691347 0.241145
1.97 0.0719472 0.615555 0.192042
1.98 0.0772833 0.533608 0.145355
1.99 0.0817466 0.446325 0.102944
2 0.0852923 0.354578 0.0665002
2.01 0.0878852 0.259286 0.0374765
2.02 0.0894992 0.161401 0.0170301
2.03 0.0901182 0.0619015 0.00597654
2.04 0.089736 -0.0382167 0.00475654
2.05 0.0883565 -0.137953 0.0134189
2.06 0.0859934 -0.236309 0.0316185
2.07 0.0826704 -0.332303 0.0586297
2.08 0.0784207 -0.424973 0.093376
2.09 0.0732867 -0.513394 0.134472
2.1 0.0673199 -0.596681 0.18028
2.11 0.0605799 -0.674 0.228973
2.12 0.0531341 -0.74458 0.278612
2.13 0.045057 -0.807714 0.327216
2.14 0.0364293 -0.862771 0.372851
2.15 0.0273373 -0.909201 0.413697
2.16 0.0178719 -0.946538 0.448127
2.17 0.00812777 -0.97441 0.47477
2.18 -0.0017976 -0.992538 0.492567
2.19 -0.011805 -1.00074 0.50081
2.2 -0.0217944 -0.998935 0.499173
2.21 -0.0316658 -0.987141 0.487725
2.22 -0.0413205 -0.965475 0.466925
2.23 -0.0506621 -0.934154 0.437606
2.24 -0.059597 -0.893492 0.40094
2.25 -0.0680359 -0.843895 0.358394
2.26 -0.0758945 -0.785859 0.311668
2.27 -0.0830942 -0.719965 0.262627
2.28 -0.0895629 -0.646871 0.213232
2.29 -0.095236 -0.567308 0.165454
2.3 -0.100057 -0.482072 0.121202
2.31 -0.103977 -0.392015 0.0822436
2.32 -0.106957 -0.298038 0.0501334
2.33 -0.108968 -0.201081 0.0261538
2.34 -0.109989 -0.102113 0.0112624
2.35 -0.11001 -0.002124 0.0060534
2.36 -0.109032 0.0978864 0.0107348
2.37 -0.107062 0.196918 0.0251195
2.38 -0.104123 0.29398 0.048633
2.39 -0.100242 0.388103 0.0803361
2.4 -0.0954581 0.478344 0.118963
2.41 -0.0898201 0.563802 0.16297
2.42 -0.0833838 0.643622 0.210601
2.43 -0.0762138 0.717006 0.259953
2.44 -0.0683816 0.78322 0.309055
2.45 -0.0599655 0.841602 0.355945
2.46 -0.0510499 0.891567 0.398749
2.47 -0.0417237 0.932617 0.435758
2.48 -0.0320803 0.964341 0.465491
2.49 -0.0222161 0.986421 0.48676
2.5 -0.0122297 0.998637 0.498713
2.51 -0.00222105 1.00087 0.50087
2.52 0.00770983 0.993088 0.493142
2.53 0.0174636 0.975378 0.475834
2.54 0.0269428 0.947914 0.449634
2.55 0.0360525 0.910972 0.415585
2.56 0.0447017 0.864919 0.375042
2.57 0.0528038 0.810218 0.32962
2.58 0.060278 0.747414 0.28113
2.59 0.0670493 0.677136 0.231504
2.6 0.0730502 0.600086 0.18272
2.61 0.0782206 0.517036 0.136722
2.62 0.0825087 0.428816 0.0953453
2.63 0.0858718 0.336307 0.0602382
2.64 0.0882761 0.240435 0.0328009
2.65 0.0896977 0.142159 0.0141274
2.66 0.0901223 0.0424613 0.0049625
2.67 0.0895457 -0.0576611 0.00567162
2.68 0.0879737 -0.157207 0.0162267
2.69 0.0854219 -0.25518 0.036207
2.7 0.0819158 -0.350602 0.0648161
2.71 0.0774907 -0.442518 0.100914
2.72 0.0721906 -0.530009 0.14306
2.73 0.0660686 -0.612199 0.189577
2.74 0.0591859 -0.688268 0.238608
2.75 0.0516114 -0.757454 0.2882
2.76 0.0434207 -0.819065 0.336377
2.77 0.0346958 -0.872486 0.381218
2.78 0.025524 -0.917182 0.420937
2.79 0.015997 -0.952706 0.453952
2.8 0.00620994 -0.978703 0.478949
2.81 -0.00373919 -0.994913 0.494933
2.82 -0.0137509 -1.00117 0.501269
2.83 -0.0237251 -0.997423 0.497707
2.84 -0.0335621 -0.983697 0.484394
2.85 -0.0431635 -0.960135 0.461861
2.86 -0.0524332 -0.926972 0.431013
2.87 -0.0612786 -0.884539 0.393082
2.88 -0.0696112 -0.83326 0.349584
2.89 -0.0773477 -0.773649 0.302258
2.9 -0.0844107 -0.706301 0.252993
2.91 -0.0907296 -0.631891 0.203759
2.92 -0.0962412 -0.551161 0.15652
2.93 -0.10089 -0.46492 0.113165
2.94 -0.104631 -0.374029 0.0754228
2.95 -0.107425 -0.279399 0.0448018
2.96 -0.109244 -0.181974 0.0225244
2.97 -0.110072 -0.0827296 0.00947998
2.98 -0.109898 0.0173421 0.00618919
2.99 -0.108726 0.11724 0.0127833
3 -0.106566 0.215966 0.0289989
3.01 -0.103441 0.312533 0.0541883
3.02 -0.0993812 0.405973 0.0873455
3.03 -0.0944276 0.495355 0.127146
3.04 -0.0886298 0.579782 0.172001
3.05 -0.0820457 0.658412 0.220119
3.06 -0.0747411 0.730458 0.269577
3.07 -0.0667891 0.795199 0.318401
3.08 -0.0582692 0.851988 0.364639
3.09 -0.0492667 0.900257 0.406445
3.1 -0.0398714 0.939524 0.442147
3.11 -0.0301775 0.969395 0.470319
3.12 -0.0202817 0.989573 0.489833
3.13 -0.0102832 0.999854 0.499907
3.14 -0.000281824 1.00014 0.500138
3.15 0.00962237 0.990419 0.490512
3.16 0.0193303 0.970797 0.47141
3.17 0.028745 0.941467 0.443593
3.18 0.0377722 0.902722 0.408167
3.19 0.0463217 0.854949 0.366542
3.2 0.054308 0.798628 0.320378
3.21 0.0616512 0.73432 0.271513
3.22 0.0682779 0.662669 0.221896
3.23 0.0741218 0.584391 0.173503
3.24 0.0791245 0.500269 0.128265
3.25 0.0832359 0.411144 0.087984
3.26 0.086415 0.317909 0.0542667
3.27 0.0886299 0.221493 0.0284573
3.28 0.0898586 0.122864 0.011585
3.29 0.0900886 0.023005 0.00432259
3.3 0.0893178 -0.0770836 0.00695978
3.31 0.0875538 -0.176401 0.0193916
3.32 0.0848142 -0.273955 0.0411225
3.33 0.0811265 -0.368769 0.0712862
3.34 0.0765276 -0.459896 0.10868
3.35 0.0710633 -0.546424 0.151814
3.36 0.0647885 -0.627487 0.198969
3.37 0.0577657 -0.702275 0.248264
3.38 0.0500653 -0.770041 0.297735
3.39 0.0417642 -0.830106 0.34541
3.4 0.0329455 -0.881871 0.389391
3.41 0.0236974 -0.924816 0.427923
3.42 0.0141122 -0.958513 0.459474
3.43 0.00428598 -0.982626 0.482786
3.44 -0.00568314 -0.996912 0.496933
3.45 -0.0156954 -1.00123 0.501352
3.46 -0.0256508 -0.995533 0.495872
3.47 -0.0354496 -0.979882 0.480713
3.48 -0.0449939 -0.954433 0.456483
3.49 -0.0541883 -0.919439 0.424152
3.5 -0.0629408 -0.875251 0.385013
3.51 -0.0711639 -0.82231 0.340629
3.52 -0.0787754 -0.761146 0.292774
3.53 -0.0856991 -0.692371 0.243361
3.54 -0.0918658 -0.616671 0.194362
3.55 -0.0972138 -0.534806 0.147734
3.56 -0.10169 -0.447592 0.10534
3.57 -0.105249 -0.355902 0.0688718
3.58 -0.107855 -0.260653 0.0397865
3.59 -0.109483 -0.162798 0.0192449
3.6 -0.110116 -0.0633147 0.00806719
3.61 -0.109748 0.0368017 0.00669954
3.62 -0.108383 0.13655 0.0151964
3.63 -0.106034 0.234933 0.0332183
3.64 -0.102724 0.330967 0.0600456
3.65 -0.098487 0.423691 0.0946067
3.66 -0.0933652 0.512178 0.135521
3.67 -0.0874098 0.595543 0.181156
3.68 -0.0806803 0.672953 0.229687
3.69 -0.073244 0.743633 0.279177
3.7 -0.0651752 0.806877 0.327649
3.71 -0.0565547 0.862052 0.373166
3.72 -0.0474686 0.908607 0.41391
3.73 -0.0380078 0.946075 0.448252
3.74 -0.028267 0.974083 0.474819
3.75 -0.0183435 0.99235 0.492548
3.76 -0.00833658 1.00069 0.500729
3.77 0.00165373 0.99903 0.499032
3.78 0.0115275 0.987377 0.487523
3.79 0.021186 0.965849 0.466657
3.8 0.0305326 0.934663 0.437264
3.81 0.0394739 0.89413 0.400514
3.82 0.0479205 0.844657 0.357871
3.83 0.0557878 0.786736 0.311033
3.84 0.0629973 0.720948 0.261868
3.85 0.0694768 0.647951 0.212334
3.86 0.0751616 0.568474 0.164406
3.87 0.0799947 0.483312 0.119995
3.88 0.0839279 0.393318 0.0808714
3.89 0.0869218 0.29939 0.0485949
3.9 0.0889465 0.202468 0.0244524
3.91 0.0899817 0.103522 0.00940672
3.92 0.0900171 0.00354 0.0040578
3.93 0.0890523 -0.0964771 0.00861907
3.94 0.087097 -0.195529 0.0229088
3.95 0.0841707 -0.292626 0.0463575
3.96 0.0803028 -0.386797 0.0780303
3.97 0.0755318 -0.4771 0.116665
3.98 0.0699055 -0.562632 0.160721
3.99 0.0634801 -0.642537 0.208442
4 0.0563199 -0.716017 0.257926
4.01 0.0484965 -0.782337 0.307202
4.02 0.0400882 -0.840834 0.354304
4.03 0.031179 -0.890922 0.397357
4.04 0.021858 -0.932101 0.434645
4.05 0.0122184 -0.963959 0.464683
4.06 0.00235662 -0.986177 0.486276
4.07 -0.00762872 -0.998534 0.498564
4.08 -0.0176378 -1.00091 0.501061
4.09 -0.0275704 -0.993267 0.49367
4.1 -0.0373274 -0.975697 0.476689
4.11 -0.0468111 -0.94837 0.450798
4.12 -0.0559267 -0.911558 0.417033
4.13 -0.064583 -0.865632 0.376745
4.14 -0.0726935 -0.811049 0.331542
4.15 -0.0801771 -0.748355 0.283232
4.16 -0.0869588 -0.678178 0.233744
4.17 -0.092971 -0.601219 0.185054
4.18 -0.0981535 -0.518248 0.139108
4.19 -0.102454 -0.430095 0.0977392
4.2 -0.105831 -0.33764 0.0626006
4.21 -0.108249 -0.241809 0.0350948
4.22 -0.109685 -0.143561 0.0163202
4.23 -0.110123 -0.043876 0.00702612
4.24 -0.109561 0.0562474 0.00758367
4.25 -0.108003 0.155808 0.0179704
4.26 -0.105465 0.253811 0.0377714
4.27 -0.101972 0.349276 0.0661959
4.28 -0.0975594 0.441248 0.102109
4.29 -0.0922714 0.528807 0.144075
4.3 -0.0861606 0.611078 0.19042
4.31 -0.0792882 0.687239 0.239292
4.32 -0.0717229 0.756527 0.288739
4.33 -0.0635404 0.81825 0.336785
4.34 -0.0548225 0.87179 0.381512
4.35 -0.0456564 0.916613 0.421132
4.36 -0.0361337 0.952269 0.454061
4.37 -0.0263497 0.978403 0.478983
4.38 -0.0164021 0.994753 0.494901
4.39 -0.00639058 1.00115 0.501176
4.4 0.00358487 0.997545 0.497555
4.41 0.0134245 0.98396 0.484179
4.42 0.0230298 0.960536 0.46158
4.43 0.0323049 0.927506 0.430656
4.44 0.0411569 0.885201 0.392638
4.45 0.0494974 0.834044 0.34904
4.46 0.0572428 0.774547 0.3016
4.47 0.0643159 0.707304 0.252208
4.48 0.0706457 0.632988 0.202833
4.49 0.0761692 0.552343 0.155442
4.5 0.0808309 0.466173 0.111926
4.51 0.0845843 0.375342 0.0740182
4.52 0.0873919 0.280758 0.0432312
4.53 0.0892256 0.183366 0.0207922
4.54 0.090067 0.0841407 0.00759586
4.55 0.0899077 -0.0159263 0.00416852
4.56 0.0887494 -0.115834 0.010647
4.57 0.0866035 -0.214583 0.0267731
4.58 0.0834917 -0.311187 0.0519041
4.59 0.0794449 -0.404679 0.0850381
4.6 0.0745037 -0.494124 0.124854
4.61 0.0687174 -0.578627 0.169766
4.62 0.0621439 -0.657345 0.217982
4.63 0.054849 -0.729488 0.267581
4.64 0.0469057 -0.794338 0.316586
4.65 0.0383932 -0.851243 0.363045
4.66 0.0293969 -0.899636 0.405105
4.67 0.0200065 -0.939033 0.441092
4.68 0.0103161 -0.96904 0.469572
4.69 0.000422585 -0.989356 0.489413
4.7 -0.0095752 -0.999779 0.499824
4.71 -0.0195772 -1.0002 0.500395
4.72 -0.0294835 -0.990626 0.491105
4.73 -0.0391949 -0.971143 0.472327
4.74 -0.0486144 -0.941948 0.444814
4.75 -0.0576477 -0.903333 0.409667
4.76 -0.0662046 -0.855686 0.36829
4.77 -0.0741994 -0.799481 0.322338
4.78 -0.0815522 -0.735282 0.273645
4.79 -0.0881895 -0.663729 0.224157
4.8 -0.0940449 -0.58554 0.175851
4.81 -0.0990599 -0.501495 0.130655
4.82 -0.103184 -0.412435 0.0903749
4.83 -0.106377 -0.319251 0.0566186
4.84 -0.108605 -0.222874 0.030734
4.85 -0.109848 -0.124269 0.0137547
4.86 -0.110092 -0.0244206 0.00635835
4.87 -0.109336 0.0756718 0.00884025
4.88 -0.107586 0.175007 0.0211011
4.89 -0.10486 0.272593 0.0426512
4.9 -0.101185 0.367453 0.0726299
4.91 -0.0965987 0.458638 0.10984
4.92 -0.0911464 0.545236 0.152795
4.93 -0.0848825 0.626383 0.19978
4.94 -0.0778699 0.701265 0.248918
4.95 -0.0701785 0.769135 0.298247
4.96 -0.0618854 0.829314 0.345796
4.97 -0.0530734 0.881199 0.389664
4.98 -0.0438307 0.924273 0.4281
4.99 -0.0342496 0.958103 0.459567
5 -0.0244261 0.982353 0.482807
5.01 -0.0144583 0.996779 0.496889
5.02 -0.00444595 1.00124 0.501248
5.03 0.00551088 0.995683 0.495708
5.04 0.0153126 0.980172 0.480486
5.05 0.0248612 0.95486 0.456188
5.06 0.0340612 0.919999 0.423779
5.07 0.0428206 0.875937 0.38455
5.08 0.0510517 0.823117 0.340064
5.09 0.0586724 0.762065 0.292093
5.1 0.0656063 0.693393 0.242549
5.11 0.0717842 0.617786 0.193407
5.12 0.0771442 0.536002 0.146625
5.13 0.0816328 0.448858 0.104069
5.14 0.085205 0.357225 0.0674349
5.15 0.0878252 0.26202 0.0381839
5.16 0.0894672 0.164195 0.0174822
5.17 0.0901145 0.0647278 0.00615515
5.18 0.0897606 -0.0353866 0.00465459
5.19 0.0884091 -0.135147 0.0130405
5.2 0.0860736 -0.233556 0.0309786
5.21 0.0827773 -0.32963 0.057754
5.22 0.0785532 -0.422407 0.0922992
5.23 0.0734436 -0.51096 0.133237
5.24 0.0674995 -0.594404 0.178936
5.25 0.0607805 -0.671903 0.227574
5.26 0.0533537 -0.742684 0.277213
5.27 0.0452933 -0.806038 0.325874
5.28 0.03668 -0.861331 0.371618
5.29 0.0275999 -0.908011 0.412623
5.3 0.0181438 -0.945611 0.447254
5.31 0.00840622 -0.973755 0.474134
5.32 -0.00151539 -0.992161 0.492193
5.33 -0.0115218 -1.00065 0.500712
5.34 -0.0215131 -0.999124 0.499355
5.35 -0.0313892 -0.98761 0.48818
5.36 -0.0410514 -0.966221 0.467634
5.37 -0.0504031 -0.93517 0.438542
5.38 -0.0593508 -0.894767 0.402065
5.39 -0.0678049 -0.845416 0.359663
5.4 -0.075681 -0.787611 0.313029
5.41 -0.0829003 -0.72193 0.264028
5.42 -0.0893906 -0.64903 0.214615
5.43 -0.095087 -0.569639 0.166765
5.44 -0.0999325 -0.484552 0.122389
5.45 -0.103879 -0.39462 0.0832577
5.46 -0.106886 -0.300741 0.0509348
5.47 -0.108925 -0.203855 0.0267107
5.48 -0.109974 -0.10493 0.0115523
5.49 -0.110024 -0.00495599 0.00606487
5.5 -0.109073 0.0950676 0.0104674
5.51 -0.107131 0.19414 0.0245838
5.52 -0.104219 0.291272 0.0478504
5.53 -0.100364 0.385491 0.079338
5.54 -0.0956053 0.475855 0.117789
5.55 -0.0899907 0.56146 0.161668
5.56 -0.0835762 0.641451 0.209222
5.57 -0.0764259 0.715027 0.258552
5.58 -0.0686114 0.781453 0.307688
5.59 -0.0602108 0.840064 0.354666
5.6 -0.051308 0.890275 0.397611
5.61 -0.0419922 0.931583 0.434805
5.62 -0.0323564 0.963575 0.464762
5.63 -0.0224971 0.985931 0.486284
5.64 -0.0125128 0.998429 0.498508
5.65 -0.00250342 1.00094 0.500945
5.66 0.00743103 0.993445 0.493494
5.67 0.0171912 0.976014 0.476449
5.68 0.0266794 0.948823 0.450488
5.69 0.0358008 0.912143 0.416644
5.7 0.0444642 0.866342 0.376263
5.71 0.052583 0.811878 0.330956
5.72 0.060076 0.749295 0.282526
5.73 0.0668682 0.679219 0.232905
5.74 0.0728917 0.602351 0.18407
5.75 0.0780863 0.519459 0.137968
5.76 0.0824 0.431373 0.0964362
5.77 0.0857897 0.338973 0.0611313
5.78 0.0882216 0.243183 0.0334606
5.79 0.0896712 0.144962 0.0145274
5.8 0.0901241 0.0452905 0.00508679
5.81 0.0895758 -0.0548335 0.00551527
5.82 0.0880317 -0.154409 0.0157959
5.83 0.0855073 -0.252441 0.035519
5.84 0.0820278 -0.347948 0.0638983
5.85 0.077628 -0.439976 0.0998025
5.86 0.072352 -0.527604 0.1418
5.87 0.0662524 -0.609956 0.188218
5.88 0.0593903 -0.686208 0.237205
5.89 0.0518343 -0.755599 0.286808
5.9 0.04366 -0.817433 0.335052
5.91 0.0349491 -0.871093 0.380012
5.92 0.0257887 -0.916042 0.419899
5.93 0.0162704 -0.951831 0.453123
5.94 0.00648934 -0.978101 0.478362
5.95 -0.00345657 -0.994591 0.494611
5.96 -0.0134679 -1.00113 0.501225
5.97 -0.0234446 -0.997666 0.497944
5.98 -0.0332868 -0.984221 0.4849
5.99 -0.0428961 -0.960935 0.462618
6 -0.0521765 -0.928039 0.431989
6.01 -0.0610351 -0.885862 0.394238
6.02 -0.0693834 -0.834827 0.350875
6.03 -0.0771378 -0.775444 0.303631
6.04 -0.0842209 -0.708306 0.254395
6.05 -0.0905617 -0.634085 0.205132
6.06 -0.096097 -0.553523 0.157811
6.07 -0.100771 -0.467426 0.114321
6.08 -0.104538 -0.376655 0.0763985
6.09 -0.107359 -0.282117 0.045558
6.1 -0.109207 -0.184758 0.0230308
6.11 -0.110062 -0.0855516 0.00971636
6.12 -0.109917 0.0145105 0.00614614
6.13 -0.108773 0.114427 0.0124626
6.14 -0.106641 0.2132 0.0284133
6.15 -0.103542 0.309841 0.0533612
6.16 -0.0995084 0.403383 0.0863099
6.17 -0.0945795 0.492891 0.125944
6.18 -0.0888048 0.577471 0.17068
6.19 -0.082242 0.656276 0.218731
6.2 -0.0749569 0.728518 0.268178
6.21 -0.0670221 0.793475 0.317047
6.22 -0.0585172 0.850497 0.363385
6.23 -0.049527 0.899014 0.40534
6.24 -0.0401416 0.938541 0.441235
6.25 -0.0304548 0.968683 0.469637
6.26 -0.0205634 0.989137 0.489408
6.27 -0.0105664 0.999701 0.499757
6.28 -0.000563726 1.00027 0.500267
6.29 0.00934458 0.990831 0.490917
6.3 0.0190594 0.971486 0.472074
6.31 0.0284837 0.942427 0.44449
6.32 0.0375231 0.903943 0.409261
6.33 0.0460873 0.85642 0.36779
6.34 0.0540907 0.800333 0.321729
6.35 0.0614531 0.736242 0.272914
6.36 0.068101 0.664789 0.223291
6.37 0.0739679 0.586688 0.174837
6.38 0.0789951 0.50272 0.129484
6.39 0.0831323 0.413725 0.0890397
6.4 0.0863382 0.320593 0.055117
6.41 0.0885808 0.224254 0.0290683
6.42 0.0898375 0.125674 0.0119323
6.43 0.0900959 0.0258361 0.00439239
6.44 0.0893533 -0.0742597 0.00674926
6.45 0.0876172 -0.173613 0.0189091
6.46 0.0849049 -0.27123 0.0403873
6.47 0.0812435 -0.366135 0.0703277
6.48 0.0766697 -0.457379 0.107537
6.49 0.0712292 -0.544048 0.150531
6.5 0.0649765 -0.625277 0.197597
6.51 0.0579739 -0.700254 0.246858
6.52 0.0502916 -0.768228 0.296352
6.53 0.0420064 -0.82852 0.344105
6.54 0.0332012 -0.880526 0.388214
6.55 0.0239639 -0.923727 0.426923
6.56 0.014387 -0.957691 0.45869
6.57 0.00456622 -0.982078 0.482249
6.58 -0.00540022 -0.996644 0.496665
6.59 -0.0154127 -1.00124 0.501364
6.6 -0.025371 -0.995831 0.496162
6.61 -0.0351756 -0.98046 0.48127
6.62 -0.0447284 -0.955285 0.457285
6.63 -0.053934 -0.920556 0.425167
6.64 -0.0627002 -0.876622 0.386199
6.65 -0.0709394 -0.823922 0.34194
6.66 -0.0785693 -0.762983 0.294158
6.67 -0.0855134 -0.694414 0.244761
6.68 -0.0917024 -0.6189 0.195723
6.69 -0.0970744 -0.537198 0.149002
6.7 -0.101576 -0.450123 0.106464
6.71 -0.105161 -0.358548 0.0698077
6.72 -0.107795 -0.263387 0.0404961
6.73 -0.109451 -0.165592 0.0197001
6.74 -0.110112 -0.0661408 0.00824966
6.75 -0.109773 0.0339715 0.00660204
6.76 -0.108435 0.133744 0.0148228
6.77 -0.106113 0.232179 0.0325836
6.78 -0.10283 0.328292 0.059175
6.79 -0.0986192 0.421123 0.0935351
6.8 -0.0935218 0.509742 0.134292
6.81 -0.0875891 0.593264 0.179817
6.82 -0.0808806 0.670853 0.228293
6.83 -0.0734633 0.741734 0.277783
6.84 -0.0654113 0.805197 0.32631
6.85 -0.0568052 0.860608 0.371937
6.86 -0.0477311 0.907413 0.412839
6.87 -0.0382796 0.945144 0.447382
6.88 -0.0285454 0.973424 0.474185
6.89 -0.0186257 0.991969 0.492175
6.9 -0.00861974 1.0006 0.500632
6.91 0.0013724 0.999215 0.499216
6.92 0.0112508 0.987842 0.48798
6.93 0.0209167 0.966592 0.467368
6.94 0.0302735 0.935675 0.438202
6.95 0.0392275 0.895401 0.401641
6.96 0.0476892 0.846174 0.359142
6.97 0.0555741 0.788485 0.312398
6.98 0.0628032 0.722911 0.263272
6.99 0.0693043 0.650107 0.213721
7 0.0750123 0.570803 0.165721
7.01 0.0798702 0.485791 0.121186
7.02 0.0838294 0.395921 0.0818902
7.03 0.0868503 0.302091 0.049401
7.04 0.0889027 0.205241 0.0250137
7.05 0.0899661 0.106338 0.00970084
7.06 0.0900298 0.00637197 0.00407299
7.07 0.0890933 -0.0936579 0.0083547
7.08 0.0871657 -0.192751 0.0223754
7.09 0.0842666 -0.289917 0.0455763
7.1 0.0804247 -0.384183 0.0770325
7.11 0.0756787 -0.474608 0.11549
7.12 0.0700758 -0.560287 0.159416
7.13 0.0636722 -0.640363 0.207059
7.14 0.0565318 -0.714035 0.256521
7.15 0.0487262 -0.780567 0.305829
7.16 0.0403332 -0.839293 0.35302
7.17 0.031437 -0.889626 0.396211
7.18 0.0221263 -0.931063 0.433684
7.19 0.0124944 -0.963189 0.463945
7.2 0.0026376 -0.985684 0.48579
7.21 -0.00734561 -0.998321 0.49835
7.22 -0.0173554 -1.00098 0.501127
7.23 -0.0272916 -0.99362 0.494013
7.24 -0.0370549 -0.976329 0.477295
7.25 -0.0465476 -0.949274 0.451644
7.26 -0.0556749 -0.912726 0.418085
7.27 -0.0643454 -0.867051 0.377959
7.28 -0.0724724 -0.812706 0.332872
7.29 -0.0799748 -0.750234 0.284623
7.3 -0.0867774 -0.680259 0.235141
7.31 -0.0928122 -0.603482 0.186402
7.32 -0.0980189 -0.520669 0.140352
7.33 -0.102345 -0.43265 0.0988305
7.34 -0.105748 -0.340305 0.0634951
7.35 -0.108194 -0.244557 0.035757
7.36 -0.109658 -0.146363 0.0167234
7.37 -0.110125 -0.0467051 0.0071544
7.38 -0.10959 0.0534196 0.00743186
7.39 -0.10806 0.15301 0.0175446
7.4 -0.10555 0.25107 0.0370886
7.41 -0.102083 0.34662 0.0652833
7.42 -0.0976964 0.438704 0.101003
7.43 -0.0924324 0.5264 0.14282
7.44 -0.0863441 0.608832 0.189066
7.45 -0.0794923 0.685177 0.237893
7.46 -0.0719457 0.754669 0.287351
7.47 -0.0637795 0.816615 0.335464
7.48 -0.0550756 0.870394 0.38031
7.49 -0.0459209 0.91547 0.420097
7.5 -0.036407 0.951391 0.453235
7.51 -0.026629 0.977797 0.478398
7.52 -0.0166847 0.994426 0.494581
7.53 -0.00667361 1.00111 0.501134
7.54 0.00330423 0.997785 0.497793
7.55 0.013149 0.984481 0.484687
7.56 0.0227624 0.961332 0.462338
7.57 0.032048 0.928569 0.431634
7.58 0.0409133 0.886521 0.393797
7.59 0.0492693 0.835608 0.350334
7.6 0.0570327 0.776339 0.302977
7.61 0.0641258 0.709306 0.253613
7.62 0.0704776 0.63518 0.20421
7.63 0.0760246 0.554702 0.156737
7.64 0.0807114 0.468678 0.113087
7.65 0.084491 0.377966 0.0749987
7.66 0.0873258 0.283475 0.043992
7.67 0.0891873 0.18615 0.021303
7.68 0.0900569 0.0869623 0.00783635
7.69 0.089926 -0.0130946 0.00412907
7.7 0.0887958 -0.113021 0.0103292
7.71 0.0866776 -0.211816 0.0261896
7.72 0.0835927 -0.308494 0.0510781
7.73 0.0795718 -0.402087 0.0840027
7.74 0.0746552 -0.491658 0.123651
7.75 0.0688921 -0.576314 0.168442
7.76 0.06234 -0.655206 0.21659
7.77 0.0550646 -0.727546 0.266177
7.78 0.0471385 -0.79261 0.315227
7.79 0.038641 -0.849749 0.361783
7.8 0.0296571 -0.89839 0.403992
7.81 0.0202766 -0.938047 0.440171
7.82 0.0105934 -0.968323 0.468881
7.83 0.000704205 -0.988917 0.488978
7.84 -0.009292 -0.999621 0.499664
7.85 -0.0192953 -1.00033 0.500515
7.86 -0.0292056 -0.991034 0.4915
7.87 -0.0389239 -0.971828 0.472982
7.88 -0.048353 -0.942904 0.445703
7.89 -0.0573985 -0.904551 0.410754
7.9 -0.06597 -0.857153 0.369531
7.91 -0.0739818 -0.801183 0.323684
7.92 -0.0813538 -0.737201 0.275042
7.93 -0.0880123 -0.665847 0.225549
7.94 -0.0938906 -0.587835 0.177183
7.95 -0.0989301 -0.503944 0.131873
7.96 -0.10308 -0.415014 0.0914311
7.97 -0.1063 -0.321934 0.0574705
7.98 -0.108556 -0.225634 0.0313476
7.99 -0.109827 -0.127078 0.0141054
8 -0.110099 -0.0272516 0.00643224
8.01 -0.109371 0.0728476 0.00863436
8.02 -0.107649 0.172218 0.0206237
8.03 -0.10495 0.269867 0.0419213
8.04 -0.101302 0.364817 0.0716766
8.05 -0.0967405 0.456118 0.108701
8.06 -0.0913119 0.542859 0.151517
8.07 -0.0850702 0.624171 0.198413
8.08 -0.0780778 0.699241 0.247517
8.09 -0.0704046 0.767319 0.296868
8.1 -0.0621274 0.827724 0.344493
8.11 -0.0533289 0.879851 0.388491
8.12 -0.0440971 0.92318 0.427103
8.13 -0.0345243 0.957277 0.458786
8.14 -0.0247063 0.981801 0.482272
8.15 -0.0147412 0.996508 0.496622
8.16 -0.00472874 1.00125 0.501261
8.17 0.00523104 0.995978 0.495999
8.18 0.0150385 0.980747 0.481045
8.19 0.0245956 0.955708 0.456991
8.2 0.0338067 0.921112 0.424796
8.21 0.0425798 0.877306 0.385739
8.22 0.050827 0.824726 0.341378
8.23 0.058466 0.763899 0.29348
8.24 0.0654203 0.695433 0.243953
8.25 0.0716205 0.620013 0.194773
8.26 0.0770044 0.538392 0.147898
8.27 0.0815183 0.451388 0.105198
8.28 0.085117 0.359869 0.0683755
8.29 0.0877645 0.264753 0.0388982
8.3 0.0894344 0.166988 0.0179418
8.31 0.0901099 0.0675537 0.00634165
8.32 0.0897843 -0.0325562 0.00456057
8.33 0.0884609 -0.132341 0.0126697
8.34 0.0861529 -0.230802 0.0303458
8.35 0.0828834 -0.326954 0.0568844
8.36 0.078685 -0.419838 0.0912276
8.37 0.0735998 -0.508523 0.132006
8.38 0.0676785 -0.592123 0.177595
8.39 0.0609805 -0.669801 0.226176
8.4 0.0535727 -0.740782 0.275814
8.41 0.0455292 -0.804354 0.324529
8.42 0.0369303 -0.859884 0.370382
8.43 0.0278622 -0.906814 0.411544
8.44 0.0184154 -0.944676 0.446376
8.45 0.00868452 -0.973092 0.473491
8.46 -0.00123324 -0.991776 0.491811
8.47 -0.0112387 -1.00054 0.500606
8.48 -0.0212317 -0.999304 0.49953
8.49 -0.0311124 -0.988072 0.488628
8.5 -0.040782 -0.96696 0.468337
8.51 -0.0501438 -0.936178 0.439472
8.52 -0.0591042 -0.896034 0.403185
8.53 -0.0675735 -0.84693 0.360928
8.54 -0.075467 -0.789357 0.31439
8.55 -0.0827059 -0.72389 0.265428
8.56 -0.0892178 -0.651184 0.216
8.57 -0.0949374 -0.571966 0.168079
8.58 -0.0998077 -0.487028 0.123579
8.59 -0.10378 -0.397221 0.0842773
8.6 -0.106814 -0.303441 0.0517428
8.61 -0.108881 -0.206627 0.0272748
8.62 -0.109958 -0.107746 0.01185
8.63 -0.110036 -0.00778793 0.00608428
8.64 -0.109113 0.092248 0.0102077
8.65 -0.1072 0.191361 0.0240555
8.66 -0.104314 0.288561 0.0470745
8.67 -0.100485 0.382875 0.0783455
8.68 -0.0957518 0.473361 0.116619
8.69 -0.0901607 0.559113 0.160368
8.7 -0.083768 0.639273 0.207844
8.71 -0.0766376 0.713041 0.257151
8.72 -0.0688408 0.779679 0.306319
8.73 -0.0604556 0.83852 0.353385
8.74 -0.0515658 0.888975 0.396468
8.75 -0.0422604 0.930541 0.433846
8.76 -0.0326324 0.962802 0.464026
8.77 -0.0227781 0.985434 0.4858
8.78 -0.0127959 0.998212 0.498296
8.79 -0.00278586 1.00101 0.501012
8.8 0.00715208 0.993794 0.493839
8.81 0.0169185 0.976642 0.477058
8.82 0.0264157 0.949723 0.451336
8.83 0.0355488 0.913308 0.417697
8.84 0.0442264 0.867759 0.377481
8.85 0.0523617 0.813532 0.332288
8.86 0.0598734 0.751171 0.283921
8.87 0.0666864 0.681297 0.234306
8.88 0.0727325 0.604611 0.185422
8.89 0.0779513 0.521878 0.139217
8.9 0.0822906 0.433927 0.0975322
8.91 0.0857069 0.341636 0.0620306
8.92 0.0881662 0.24593 0.0341273
8.93 0.0896439 0.147763 0.014935
8.94 0.090125 0.0481195 0.005219
8.95 0.089605 -0.0520056 0.00536682
8.96 0.0880889 -0.151611 0.0153727
8.97 0.0855919 -0.249699 0.0348379
8.98 0.082139 -0.345291 0.0629865
8.99 0.0777647 -0.43743 0.0986963
9 0.0725127 -0.525195 0.140544
9.01 0.0664356 -0.607708 0.186861
9.02 0.0595942 -0.684143 0.235802
9.03 0.0520568 -0.753738 0.285415
9.04 0.0438989 -0.815794 0.333724
9.05 0.035202 -0.869693 0.378803
9.06 0.026053 -0.914895 0.418856
9.07 0.0165435 -0.950948 0.452288
9.08 0.00676861 -0.977492 0.477768
9.09 -0.003174 -0.99426 0.494282
9.1 -0.0131849 -1.00109 0.501174
9.11 -0.0231639 -0.997902 0.498172
9.12 -0.0330113 -0.984738 0.485399
9.13 -0.0426285 -0.961726 0.463367
9.14 -0.0519195 -0.929098 0.432959
9.15 -0.0607913 -0.887178 0.395391
9.16 -0.0691552 -0.836387 0.352163
9.17 -0.0769275 -0.777232 0.305004
9.18 -0.0840305 -0.710304 0.255797
9.19 -0.0903933 -0.636274 0.206508
9.2 -0.0959521 -0.555881 0.159105
9.21 -0.100651 -0.469929 0.115482
9.22 -0.104444 -0.379277 0.0773799
9.23 -0.107292 -0.284833 0.0463208
9.24 -0.109168 -0.187541 0.0235446
9.25 -0.110052 -0.0883729 0.00996056
9.26 -0.109935 0.0116787 0.00611103
9.27 -0.108819 0.111614 0.0121495
9.28 -0.106714 0.210432 0.0278348
9.29 -0.103643 0.307147 0.0525404
9.3 -0.099635 0.400789 0.0852796
9.31 -0.0947307 0.490424 0.124745
9.32 -0.0889792 0.575155 0.16936
9.33 -0.0824378 0.654134 0.217344
9.34 -0.0751721 0.726572 0.266779
9.35 -0.0672547 0.791744 0.315691
9.36 -0.0587647 0.848999 0.362126
9.37 -0.0497871 0.897764 0.404229
9.38 -0.0404115 0.937551 0.440317
9.39 -0.0307319 0.967962 0.468948
9.4 -0.020845 0.988694 0.488975
9.41 -0.0108496 0.999539 0.499598
9.42 -0.000845703 1.00039 0.500389
9.43 0.00906664 0.991234 0.491314
9.44 0.0187883 0.972168 0.472732
9.45 0.0282221 0.94338 0.445381
9.46 0.0372737 0.905157 0.41035
9.47 0.0458525 0.857884 0.369033
9.48 0.0538728 0.802031 0.323078
9.49 0.0612544 0.738158 0.274315
9.5 0.0679235 0.666904 0.224687
9.51 0.0738133 0.58898 0.176173
9.52 0.0788649 0.505167 0.130707
9.53 0.083028 0.416302 0.0901006
9.54 0.0862607 0.323274 0.0559736
9.55 0.0885308 0.227014 0.0296864
9.56 0.0898157 0.128483 0.0122873
9.57 0.0901023 0.0286671 0.00447012
9.58 0.089388 -0.0714352 0.0065466
9.59 0.0876798 -0.170823 0.0184342
9.6 0.0849947 -0.268503 0.039659
9.61 0.0813597 -0.363498 0.069375
9.62 0.0768112 -0.454857 0.106398
9.63 0.0713945 -0.541669 0.149251
9.64 0.0651639 -0.623063 0.196227
9.65 0.0581816 -0.698227 0.245453
9.66 0.0505175 -0.766409 0.294967
9.67 0.0422482 -0.826926 0.342796
9.68 0.0334565 -0.879174 0.387033
9.69 0.0242302 -0.922631 0.425917
9.7 0.0146616 -0.956861 0.457899
9.71 0.00484635 -0.981523 0.481705
9.72 -0.00511734 -0.996369 0.496389
9.73 -0.0151299 -1.00125 0.501367
9.74 -0.0250911 -0.996122 0.496444
9.75 -0.0349014 -0.981031 0.48182
9.76 -0.0444627 -0.956129 0.45808
9.77 -0.0536793 -0.921667 0.426175
9.78 -0.0624592 -0.877987 0.387381
9.79 -0.0707145 -0.825528 0.343249
9.8 -0.0783626 -0.764814 0.29554
9.81 -0.0853271 -0.696451 0.246162
9.82 -0.0915384 -0.621124 0.197087
9.83 -0.0969342 -0.539585 0.150274
9.84 -0.101461 -0.452651 0.107594
9.85 -0.105073 -0.36119 0.0707494
9.86 -0.107734 -0.266118 0.0412126
9.87 -0.109418 -0.168384 0.0201627
9.88 -0.110107 -0.0689664 0.00843999
9.89 -0.109796 0.031141 0.00651245
9.9 -0.108487 0.130937 0.0144569
9.91 -0.106192 0.229423 0.031956
9.92 -0.102936 0.325616 0.0583107
9.93 -0.0987506 0.418552 0.0924687
9.94 -0.0936776 0.507303 0.133066
9.95 -0.0877678 0.59098 0.17848
9.96 -0.0810803 0.668748 0.226899
9.97 -0.073682 0.739828 0.276387
9.98 -0.0656469 0.80351 0.324969
9.99 -0.0570554 0.859157 0.370703
10 -0.0479932 0.906213 0.411762
