0 0.99 201.002
0 0.9901 201.002
0 0.9902 201.001
0 0.9903 201
0 0.9904 200.999
0 0.9905 200.996
0 0.9906 200.999
0 0.9907 201.002
0 0.9908 201.003
0 0.9909 201.003
0 0.991 201.001
0 0.9911 200.999
0 0.9912 201.002
0 0.9913 201.004
0 0.9914 200.998
0 0.9915 201.003
0 0.9916 201.002
0 0.9917 201.001
0 0.9918 201.004
0 0.9919 201.001
0 0.992 201.003
0 0.9921 201.003
0 0.9922 201.002
0 0.9923 201.004
0 0.9924 201.002
0 0.9925 201
0 0.9926 201.002
0 0.9927 201.004
0 0.9928 201.004
0 0.9929 201.004
0 0.993 201.005
0 0.9931 201.004
0 0.9932 201.003
0 0.9933 201.001
0 0.9934 201.003
0 0.9935 201.004
0 0.9936 201.003
0 0.9937 201.003
0 0.9938 200.997
0 0.9939 200.998
0 0.994 200.998
0 0.9941 200.999
0 0.9942 200.999
0 0.9943 201
0 0.9944 201.001
0 0.9945 201.001
0 0.9946 201.002
0 0.9947 201.002
0 0.9948 201.003
0 0.9949 201.003
0 0.995 201.004
0 0.9951 207.818
0 0.9952 216.307
0 0.9953 225.156
0 0.9954 234.391
0 0.9955 244.035
0 0.9956 254.116
0 0.9957 264.667
0 0.9958 275.72
0 0.9959 287.311
0 0.996 299.481
0 0.9961 312.275
0 0.9962 325.742
0 0.9963 339.935
0 0.9964 354.916
0 0.9965 370.751
0 0.9966 387.519
0 0.9967 405.297
0 0.9968 424.19
0 0.9969 444.188
0 0.997 464.679
0 0.9971 485.507
0 0.9972 506.613
0 0.9973 527.939
0 0.9974 549.438
0 0.9975 571.051
0 0.9976 592.725
0 0.9977 615.15
0 0.9978 637.074
0 0.9979 658.758
0 0.998 680.305
0 0.9981 701.674
0 0.9982 722.81
0 0.9983 743.673
0 0.9984 764.216
0 0.9985 784.396
0 0.9986 804.169
0 0.9987 823.491
0 0.9988 842.327
0 0.9989 860.63
0 0.999 878.371
0 0.9991 895.504
0 0.9992 911.994
0 0.9993 927.808
0 0.9994 942.912
0 0.9995 957.273
0 0.9996 970.861
0 0.9997 983.646
0 0.9998 995.599
0 0.9999 1006.69
0 1 1016.91
0 1.0001 1026.22
0 1.0002 1034.61
0 1.0003 1042.04
0 1.0004 1048.51
0 1.0005 1054.02
0 1.0006 1058.52
0 1.0007 1062.01
0 1.0008 1064.49
0 1.0009 1065.94
0 1.001 1066.37
0 1.0011 1065.74
0 1.0012 1064.1
0 1.0013 1061.39
0 1.0014 1057.66
0 1.0015 1052.88
0 1.0016 1047.09
0 1.0017 1040.26
0 1.0018 1032.41
0 1.0019 1023.57
0 1.002 1013.74
0 1.0021 1002.92
0 1.0022 991.139
0 1.0023 978.429
0 1.0024 964.797
0 1.0025 950.265
0 1.0026 934.859
0 1.0027 918.604
0 1.0028 901.531
0 1.0029 883.667
0 1.003 865.043
0 1.0031 845.693
0 1.0032 825.816
0 1.0033 806.832
0 1.0034 788.956
0 1.0035 772.114
0 1.0036 756.205
0 1.0037 741.151
0 1.0038 726.894
0 1.0039 713.369
0 1.004 700.521
0 1.0041 688.302
0 1.0042 676.664
0 1.0043 665.568
0 1.0044 654.976
0 1.0045 644.855
0 1.0046 635.176
0 1.0047 625.91
0 1.0048 617.027
0 1.0049 608.509
0 1.005 600.333
0 1.0051 592.479
0 1.0052 584.92
0 1.0053 577.655
0 1.0054 570.654
0 1.0055 563.911
0 1.0056 557.408
0 1.0057 551.13
0 1.0058 545.072
0 1.0059 539.219
0 1.006 533.563
0 1.0061 528.093
0 1.0062 522.793
0 1.0063 517.67
0 1.0064 512.7
0 1.0065 507.887
0 1.0066 503.216
0 1.0067 498.688
0 1.0068 494.295
0 1.0069 490.029
0 1.007 485.883
0 1.0071 481.853
0 1.0072 477.937
0 1.0073 474.126
0 1.0074 470.419
0 1.0075 466.807
0 1.0076 463.296
0 1.0077 459.878
0 1.0078 456.543
0 1.0079 453.291
0 1.008 450.126
0 1.0081 447.03
0 1.0082 444.022
0 1.0083 441.074
0 1.0084 438.209
0 1.0085 435.404
0 1.0086 432.664
0 1.0087 429.99
0 1.0088 427.372
0 1.0089 424.814
0 1.009 422.32
0 1.0091 419.876
0 1.0092 417.483
0 1.0093 415.139
0 1.0094 412.849
0 1.0095 410.613
0 1.0096 408.418
0 1.0097 406.271
0 1.0098 404.163
0 1.0099 402.101
0 1.01 400.08
0 1.0101 398.098
0 1.0102 396.155
0 1.0103 394.25
0 1.0104 392.378
0 1.0105 390.546
0 1.0106 388.753
0 1.0107 386.992
0 1.0108 385.257
0 1.0109 383.549
0 1.011 381.882
0 1.0111 380.242
0 1.0112 378.636
0 1.0113 377.061
0 1.0114 375.494
0 1.0115 373.969
0 1.0116 372.467
0 1.0117 371.001
0 1.0118 369.544
0 1.0119 368.119
0 1.012 366.724
0 1.0121 365.342
0 1.0122 363.982
0 1.0123 362.653
0 1.0124 361.34
0 1.0125 360.046
0 1.0126 358.781
0 1.0127 357.522
0 1.0128 356.295
0 1.0129 355.092
0 1.013 353.888
0 1.0131 352.72
0 1.0132 351.552
0 1.0133 350.412
0 1.0134 349.298
0 1.0135 348.188
0 1.0136 347.106
0 1.0137 346.021
0 1.0138 344.973
0 1.0139 343.919
0 1.014 342.902
0 1.0141 341.878
0 1.0142 340.889
0 1.0143 339.891
0 1.0144 338.933
0 1.0145 337.96
0 1.0146 337.027
0 1.0147 336.085
0 1.0148 335.174
0 1.0149 334.257
0 1.015 333.364
0 1.0151 332.472
0 1.0152 331.604
0 1.0153 330.753
0 1.0154 329.896
0 1.0155 329.069
0 1.0156 328.229
0 1.0157 327.411
0 1.0158 326.618
0 1.0159 325.81
0 1.016 325.036
0 1.0161 324.246
0 1.0162 323.489
0 1.0163 322.729
0 1.0164 321.97
0 1.0165 321.241
0 1.0166 320.511
0 1.0167 319.782
0 1.0168 319.078
0 1.0169 318.365
0 1.017 317.664
0 1.0171 316.991
0 1.0172 316.294
0 1.0173 315.626
0 1.0174 314.974
0 1.0175 314.3
0 1.0176 313.65
0 1.0177 313.024
0 1.0178 312.379
0 1.0179 311.747
0 1.018 311.137
0 1.0181 310.52
0 1.0182 309.904
0 1.0183 309.315
0 1.0184 308.718
0 1.0185 308.122
0 1.0186 307.547
0 1.0187 306.978
0 1.0188 306.399
0 1.0189 305.834
0 1.019 305.284
0 1.0191 304.733
0 1.0192 304.179
0 1.0193 303.635
0 1.0194 303.116
0 1.0195 302.586
0 1.0196 302.049
0 1.0197 301.54
0 1.0198 301.035
0 1.0199 300.521
0 1.02 300.005

0.001 0.99 200.66
0.001 0.9901 200.66
0.001 0.9902 200.661
0.001 0.9903 200.662
0.001 0.9904 200.662
0.001 0.9905 200.663
0.001 0.9906 200.663
0.001 0.9907 200.664
0.001 0.9908 200.664
0.001 0.9909 200.665
0.001 0.991 200.666
0.001 0.9911 200.666
0.001 0.9912 200.667
0.001 0.9913 200.667
0.001 0.9914 200.668
0.001 0.9915 200.668
0.001 0.9916 200.669
0.001 0.9917 200.67
0.001 0.9918 200.67
0.001 0.9919 200.671
0.001 0.992 200.671
0.001 0.9921 200.672
0.001 0.9922 200.673
0.001 0.9923 200.673
0.001 0.9924 200.674
0.001 0.9925 200.674
0.001 0.9926 200.675
0.001 0.9927 200.675
0.001 0.9928 200.676
0.001 0.9929 200.677
0.001 0.993 200.677
0.001 0.9931 200.678
0.001 0.9932 200.678
0.001 0.9933 200.679
0.001 0.9934 200.679
0.001 0.9935 200.68
0.001 0.9936 200.681
0.001 0.9937 200.681
0.001 0.9938 200.682
0.001 0.9939 200.682
0.001 0.994 200.683
0.001 0.9941 200.683
0.001 0.9942 200.684
0.001 0.9943 200.685
0.001 0.9944 200.685
0.001 0.9945 200.686
0.001 0.9946 200.686
0.001 0.9947 201.811
0.001 0.9948 204.616
0.001 0.9949 207.922
0.001 0.995 211.828
0.001 0.9951 216.402
0.001 0.9952 221.664
0.001 0.9953 227.581
0.001 0.9954 234.099
0.001 0.9955 241.161
0.001 0.9956 248.723
0.001 0.9957 256.754
0.001 0.9958 265.238
0.001 0.9959 274.168
0.001 0.996 283.549
0.001 0.9961 293.391
0.001 0.9962 303.71
0.001 0.9963 314.526
0.001 0.9964 325.863
0.001 0.9965 337.751
0.001 0.9966 350.222
0.001 0.9967 363.323
0.001 0.9968 377.051
0.001 0.9969 391.166
0.001 0.997 405.588
0.001 0.9971 420.262
0.001 0.9972 435.161
0.001 0.9973 450.238
0.001 0.9974 465.454
0.001 0.9975 480.769
0.001 0.9976 496.148
0.001 0.9977 511.551
0.001 0.9978 526.935
0.001 0.9979 542.389
0.001 0.998 558.302
0.001 0.9981 573.494
0.001 0.9982 588.523
0.001 0.9983 603.354
0.001 0.9984 617.951
0.001 0.9985 632.281
0.001 0.9986 646.311
0.001 0.9987 660.005
0.001 0.9988 673.338
0.001 0.9989 686.272
0.001 0.999 698.781
0.001 0.9991 710.835
0.001 0.9992 722.402
0.001 0.9993 733.461
0.001 0.9994 743.983
0.001 0.9995 753.943
0.001 0.9996 763.313
0.001 0.9997 772.081
0.001 0.9998 780.209
0.001 0.9999 787.694
0.001 1 794.509
0.001 1.0001 800.63
0.001 1.0002 806.045
0.001 1.0003 810.747
0.001 1.0004 814.715
0.001 1.0005 817.935
0.001 1.0006 820.396
0.001 1.0007 822.088
0.001 1.0008 823.006
0.001 1.0009 823.141
0.001 1.001 822.489
0.001 1.0011 821.047
0.001 1.0012 818.812
0.001 1.0013 815.783
0.001 1.0014 811.961
0.001 1.0015 807.346
0.001 1.0016 801.944
0.001 1.0017 795.757
0.001 1.0018 788.792
0.001 1.0019 781.056
0.001 1.002 772.562
0.001 1.0021 763.325
0.001 1.0022 753.351
0.001 1.0023 742.651
0.001 1.0024 731.24
0.001 1.0025 719.145
0.001 1.0026 706.374
0.001 1.0027 692.942
0.001 1.0028 679.129
0.001 1.0029 665.964
0.001 1.003 653.495
0.001 1.0031 641.679
0.001 1.0032 630.457
0.001 1.0033 619.793
0.001 1.0034 609.644
0.001 1.0035 599.97
0.001 1.0036 590.743
0.001 1.0037 581.93
0.001 1.0038 573.507
0.001 1.0039 565.444
0.001 1.004 557.726
0.001 1.0041 550.325
0.001 1.0042 543.22
0.001 1.0043 536.399
0.001 1.0044 529.845
0.001 1.0045 523.541
0.001 1.0046 517.473
0.001 1.0047 511.626
0.001 1.0048 505.993
0.001 1.0049 500.555
0.001 1.005 495.313
0.001 1.0051 490.246
0.001 1.0052 485.351
0.001 1.0053 480.621
0.001 1.0054 476.042
0.001 1.0055 471.61
0.001 1.0056 467.316
0.001 1.0057 463.161
0.001 1.0058 459.131
0.001 1.0059 455.22
0.001 1.006 451.427
0.001 1.0061 447.746
0.001 1.0062 444.167
0.001 1.0063 440.695
0.001 1.0064 437.319
0.001 1.0065 434.036
0.001 1.0066 430.841
0.001 1.0067 427.734
0.001 1.0068 424.708
0.001 1.0069 421.761
0.001 1.007 418.888
0.001 1.0071 416.092
0.001 1.0072 413.368
0.001 1.0073 410.709
0.001 1.0074 408.114
0.001 1.0075 405.588
0.001 1.0076 403.115
0.001 1.0077 400.707
0.001 1.0078 398.348
0.001 1.0079 396.055
0.001 1.008 393.802
0.001 1.0081 391.61
0.001 1.0082 389.465
0.001 1.0083 387.359
0.001 1.0084 385.31
0.001 1.0085 383.302
0.001 1.0086 381.337
0.001 1.0087 379.409
0.001 1.0088 377.524
0.001 1.0089 375.682
0.001 1.009 373.877
0.001 1.0091 372.108
0.001 1.0092 370.375
0.001 1.0093 368.675
0.001 1.0094 367.008
0.001 1.0095 365.374
0.001 1.0096 363.773
0.001 1.0097 362.203
0.001 1.0098 360.661
0.001 1.0099 359.148
0.001 1.01 357.662
0.001 1.0101 356.203
0.001 1.0102 354.77
0.001 1.0103 353.367
0.001 1.0104 351.991
0.001 1.0105 350.639
0.001 1.0106 349.309
0.001 1.0107 347.998
0.001 1.0108 346.71
0.001 1.0109 345.454
0.001 1.011 344.216
0.001 1.0111 342.993
0.001 1.0112 341.785
0.001 1.0113 340.613
0.001 1.0114 339.454
0.001 1.0115 338.308
0.001 1.0116 337.19
0.001 1.0117 336.088
0.001 1.0118 334.994
0.001 1.0119 333.928
0.001 1.012 332.879
0.001 1.0121 331.833
0.001 1.0122 330.82
0.001 1.0123 329.813
0.001 1.0124 328.823
0.001 1.0125 327.853
0.001 1.0126 326.881
0.001 1.0127 325.949
0.001 1.0128 325.011
0.001 1.0129 324.095
0.001 1.013 323.192
0.001 1.0131 322.298
0.001 1.0132 321.421
0.001 1.0133 320.553
0.001 1.0134 319.701
0.001 1.0135 318.857
0.001 1.0136 318.031
0.001 1.0137 317.207
0.001 1.0138 316.406
0.001 1.0139 315.603
0.001 1.014 314.823
0.001 1.0141 314.045
0.001 1.0142 313.281
0.001 1.0143 312.529
0.001 1.0144 311.778
0.001 1.0145 311.052
0.001 1.0146 310.315
0.001 1.0147 309.611
0.001 1.0148 308.9
0.001 1.0149 308.205
0.001 1.015 307.518
0.001 1.0151 306.829
0.001 1.0152 306.169
0.001 1.0153 305.497
0.001 1.0154 304.848
0.001 1.0155 304.202
0.001 1.0156 303.553
0.001 1.0157 302.933
0.001 1.0158 302.308
0.001 1.0159 301.687
0.001 1.016 301.088
0.001 1.0161 300.479
0.001 1.0162 299.887
0.001 1.0163 299.306
0.001 1.0164 298.713
0.001 1.0165 298.149
0.001 1.0166 297.585
0.001 1.0167 297.012
0.001 1.0168 296.468
0.001 1.0169 295.921
0.001 1.017 295.372
0.001 1.0171 294.841
0.001 1.0172 294.316
0.001 1.0173 293.787
0.001 1.0174 293.267
0.001 1.0175 292.763
0.001 1.0176 292.254
0.001 1.0177 291.741
0.001 1.0178 291.259
0.001 1.0179 290.77
0.001 1.018 290.271
0.001 1.0181 289.8
0.001 1.0182 289.331
0.001 1.0183 288.854
0.001 1.0184 288.382
0.001 1.0185 287.934
0.001 1.0186 287.478
0.001 1.0187 287.02
0.001 1.0188 286.574
0.001 1.0189 286.14
0.001 1.019 285.703
0.001 1.0191 285.262
0.001 1.0192 284.835
0.001 1.0193 284.418
0.001 1.0194 284
0.001 1.0195 283.574
0.001 1.0196 283.161
0.001 1.0197 282.765
0.001 1.0198 282.362
0.001 1.0199 281.953
0.001 1.02 281.553

0.002 0.99 200.345
0.002 0.9901 200.346
0.002 0.9902 200.346
0.002 0.9903 200.347
0.002 0.9904 200.347
0.002 0.9905 200.348
0.002 0.9906 200.349
0.002 0.9907 200.349
0.002 0.9908 200.35
0.002 0.9909 200.35
0.002 0.991 200.351
0.002 0.9911 200.351
0.002 0.9912 200.352
0.002 0.9913 200.353
0.002 0.9914 200.353
0.002 0.9915 200.354
0.002 0.9916 200.354
0.002 0.9917 200.355
0.002 0.9918 200.355
0.002 0.9919 200.356
0.002 0.992 200.357
0.002 0.9921 200.357
0.002 0.9922 200.358
0.002 0.9923 200.358
0.002 0.9924 200.359
0.002 0.9925 200.359
0.002 0.9926 200.36
0.002 0.9927 200.361
0.002 0.9928 200.361
0.002 0.9929 200.362
0.002 0.993 200.362
0.002 0.9931 200.363
0.002 0.9932 200.364
0.002 0.9933 200.364
0.002 0.9934 200.365
0.002 0.9935 200.365
0.002 0.9936 200.366
0.002 0.9937 200.366
0.002 0.9938 200.367
0.002 0.9939 200.368
0.002 0.994 200.368
0.002 0.9941 200.369
0.002 0.9942 200.369
0.002 0.9943 200.37
0.002 0.9944 200.37
0.002 0.9945 200.371
0.002 0.9946 200.372
0.002 0.9947 201.194
0.002 0.9948 204.536
0.002 0.9949 208.157
0.002 0.995 212.074
0.002 0.9951 216.304
0.002 0.9952 220.855
0.002 0.9953 225.735
0.002 0.9954 230.95
0.002 0.9955 236.498
0.002 0.9956 242.378
0.002 0.9957 248.589
0.002 0.9958 255.131
0.002 0.9959 262.003
0.002 0.996 269.208
0.002 0.9961 276.747
0.002 0.9962 284.631
0.002 0.9963 292.865
0.002 0.9964 301.458
0.002 0.9965 310.423
0.002 0.9966 319.776
0.002 0.9967 329.481
0.002 0.9968 339.436
0.002 0.9969 349.618
0.002 0.997 360
0.002 0.9971 370.552
0.002 0.9972 381.261
0.002 0.9973 392.083
0.002 0.9974 403.006
0.002 0.9975 413.995
0.002 0.9976 425.022
0.002 0.9977 436.061
0.002 0.9978 447.085
0.002 0.9979 458.065
0.002 0.998 468.975
0.002 0.9981 479.879
0.002 0.9982 491.086
0.002 0.9983 501.669
0.002 0.9984 512.078
0.002 0.9985 522.283
0.002 0.9986 532.261
0.002 0.9987 541.984
0.002 0.9988 551.434
0.002 0.9989 560.581
0.002 0.999 569.405
0.002 0.9991 577.884
0.002 0.9992 585.997
0.002 0.9993 593.721
0.002 0.9994 601.037
0.002 0.9995 607.928
0.002 0.9996 614.375
0.002 0.9997 620.357
0.002 0.9998 625.859
0.002 0.9999 630.865
0.002 1 635.365
0.002 1.0001 639.344
0.002 1.0002 642.781
0.002 1.0003 645.674
0.002 1.0004 648.013
0.002 1.0005 649.775
0.002 1.0006 650.973
0.002 1.0007 651.58
0.002 1.0008 651.602
0.002 1.0009 651.028
0.002 1.001 649.856
0.002 1.0011 648.084
0.002 1.0012 645.709
0.002 1.0013 642.729
0.002 1.0014 639.151
0.002 1.0015 634.964
0.002 1.0016 630.19
0.002 1.0017 624.814
0.002 1.0018 618.853
0.002 1.0019 612.312
0.002 1.002 605.188
0.002 1.0021 597.505
0.002 1.0022 589.263
0.002 1.0023 580.47
0.002 1.0024 571.148
0.002 1.0025 561.682
0.002 1.0026 552.668
0.002 1.0027 544.082
0.002 1.0028 535.899
0.002 1.0029 528.088
0.002 1.003 520.63
0.002 1.0031 513.494
0.002 1.0032 506.667
0.002 1.0033 500.127
0.002 1.0034 493.856
0.002 1.0035 487.839
0.002 1.0036 482.062
0.002 1.0037 476.507
0.002 1.0038 471.166
0.002 1.0039 466.027
0.002 1.004 461.076
0.002 1.0041 456.304
0.002 1.0042 451.702
0.002 1.0043 447.263
0.002 1.0044 442.973
0.002 1.0045 438.831
0.002 1.0046 434.828
0.002 1.0047 430.954
0.002 1.0048 427.206
0.002 1.0049 423.577
0.002 1.005 420.06
0.002 1.0051 416.653
0.002 1.0052 413.348
0.002 1.0053 410.14
0.002 1.0054 407.032
0.002 1.0055 404.01
0.002 1.0056 401.076
0.002 1.0057 398.223
0.002 1.0058 395.452
0.002 1.0059 392.756
0.002 1.006 390.13
0.002 1.0061 387.577
0.002 1.0062 385.093
0.002 1.0063 382.672
0.002 1.0064 380.312
0.002 1.0065 378.013
0.002 1.0066 375.774
0.002 1.0067 373.591
0.002 1.0068 371.458
0.002 1.0069 369.375
0.002 1.007 367.348
0.002 1.0071 365.364
0.002 1.0072 363.426
0.002 1.0073 361.534
0.002 1.0074 359.687
0.002 1.0075 357.878
0.002 1.0076 356.114
0.002 1.0077 354.383
0.002 1.0078 352.696
0.002 1.0079 351.043
0.002 1.008 349.424
0.002 1.0081 347.836
0.002 1.0082 346.29
0.002 1.0083 344.771
0.002 1.0084 343.285
0.002 1.0085 341.826
0.002 1.0086 340.395
0.002 1.0087 338.994
0.002 1.0088 337.621
0.002 1.0089 336.275
0.002 1.009 334.957
0.002 1.0091 333.663
0.002 1.0092 332.393
0.002 1.0093 331.147
0.002 1.0094 329.926
0.002 1.0095 328.726
0.002 1.0096 327.55
0.002 1.0097 326.394
0.002 1.0098 325.258
0.002 1.0099 324.142
0.002 1.01 323.044
0.002 1.0101 321.962
0.002 1.0102 320.908
0.002 1.0103 319.87
0.002 1.0104 318.847
0.002 1.0105 317.837
0.002 1.0106 316.852
0.002 1.0107 315.884
0.002 1.0108 314.926
0.002 1.0109 313.98
0.002 1.011 313.061
0.002 1.0111 312.15
0.002 1.0112 311.246
0.002 1.0113 310.374
0.002 1.0114 309.507
0.002 1.0115 308.644
0.002 1.0116 307.81
0.002 1.0117 306.979
0.002 1.0118 306.165
0.002 1.0119 305.365
0.002 1.012 304.562
0.002 1.0121 303.794
0.002 1.0122 303.022
0.002 1.0123 302.266
0.002 1.0124 301.521
0.002 1.0125 300.786
0.002 1.0126 300.062
0.002 1.0127 299.346
0.002 1.0128 298.647
0.002 1.0129 297.945
0.002 1.013 297.269
0.002 1.0131 296.586
0.002 1.0132 295.927
0.002 1.0133 295.266
0.002 1.0134 294.621
0.002 1.0135 293.982
0.002 1.0136 293.351
0.002 1.0137 292.732
0.002 1.0138 292.114
0.002 1.0139 291.514
0.002 1.014 290.906
0.002 1.0141 290.326
0.002 1.0142 289.736
0.002 1.0143 289.167
0.002 1.0144 288.599
0.002 1.0145 288.034
0.002 1.0146 287.488
0.002 1.0147 286.932
0.002 1.0148 286.4
0.002 1.0149 285.866
0.002 1.015 285.333
0.002 1.0151 284.822
0.002 1.0152 284.3
0.002 1.0153 283.797
0.002 1.0154 283.297
0.002 1.0155 282.794
0.002 1.0156 282.31
0.002 1.0157 281.829
0.002 1.0158 281.338
0.002 1.0159 280.876
0.002 1.016 280.41
0.002 1.0161 279.933
0.002 1.0162 279.491
0.002 1.0163 279.039
0.002 1.0164 278.58
0.002 1.0165 278.151
0.002 1.0166 277.714
0.002 1.0167 277.274
0.002 1.0168 276.853
0.002 1.0169 276.434
0.002 1.017 276.012
0.002 1.0171 275.595
0.002 1.0172 275.195
0.002 1.0173 274.79
0.002 1.0174 274.376
0.002 1.0175 273.993
0.002 1.0176 273.605
0.002 1.0177 273.209
0.002 1.0178 272.824
0.002 1.0179 272.455
0.002 1.018 272.077
0.002 1.0181 271.696
0.002 1.0182 271.334
0.002 1.0183 270.975
0.002 1.0184 270.613
0.002 1.0185 270.246
0.002 1.0186 269.899
0.002 1.0187 269.555
0.002 1.0188 269.209
0.002 1.0189 268.854
0.002 1.019 268.519
0.002 1.0191 268.192
0.002 1.0192 267.859
0.002 1.0193 267.518
0.002 1.0194 267.193
0.002 1.0195 266.88
0.002 1.0196 266.56
0.002 1.0197 266.235
0.002 1.0198 265.913
0.002 1.0199 265.615
0.002 1.02 265.31

0.003 0.99 200.032
0.003 0.9901 200.032
0.003 0.9902 200.033
0.003 0.9903 200.033
0.003 0.9904 200.034
0.003 0.9905 200.034
0.003 0.9906 200.035
0.003 0.9907 200.036
0.003 0.9908 200.036
0.003 0.9909 200.037
0.003 0.991 200.037
0.003 0.9911 200.038
0.003 0.9912 200.038
0.003 0.9913 200.039
0.003 0.9914 200.04
0.003 0.9915 200.04
0.003 0.9916 200.041
0.003 0.9917 200.041
0.003 0.9918 200.042
0.003 0.9919 200.042
0.003 0.992 200.043
0.003 0.9921 200.044
0.003 0.9922 200.044
0.003 0.9923 200.045
0.003 0.9924 200.045
0.003 0.9925 200.046
0.003 0.9926 200.046
0.003 0.9927 200.047
0.003 0.9928 200.048
0.003 0.9929 200.048
0.003 0.993 200.049
0.003 0.9931 200.049
0.003 0.9932 200.05
0.003 0.9933 200.05
0.003 0.9934 200.051
0.003 0.9935 200.052
0.003 0.9936 200.052
0.003 0.9937 200.053
0.003 0.9938 200.053
0.003 0.9939 200.054
0.003 0.994 200.054
0.003 0.9941 200.055
0.003 0.9942 200.056
0.003 0.9943 200.056
0.003 0.9944 200.057
0.003 0.9945 200.057
0.003 0.9946 200.058
0.003 0.9947 200.058
0.003 0.9948 200.077
0.003 0.9949 203.016
0.003 0.995 206.595
0.003 0.9951 210.366
0.003 0.9952 214.334
0.003 0.9953 218.505
0.003 0.9954 222.883
0.003 0.9955 227.471
0.003 0.9956 232.272
0.003 0.9957 237.29
0.003 0.9958 242.526
0.003 0.9959 247.984
0.003 0.996 253.669
0.003 0.9961 259.58
0.003 0.9962 265.724
0.003 0.9963 272.103
0.003 0.9964 278.725
0.003 0.9965 285.593
0.003 0.9966 292.671
0.003 0.9967 299.919
0.003 0.9968 307.32
0.003 0.9969 314.857
0.003 0.997 322.515
0.003 0.9971 330.279
0.003 0.9972 338.135
0.003 0.9973 346.059
0.003 0.9974 354.035
0.003 0.9975 362.045
0.003 0.9976 370.071
0.003 0.9977 378.089
0.003 0.9978 386.086
0.003 0.9979 394.041
0.003 0.998 401.932
0.003 0.9981 409.741
0.003 0.9982 417.448
0.003 0.9983 425.38
0.003 0.9984 432.935
0.003 0.9985 440.249
0.003 0.9986 447.386
0.003 0.9987 454.328
0.003 0.9988 461.055
0.003 0.9989 467.55
0.003 0.999 473.798
0.003 0.9991 479.78
0.003 0.9992 485.482
0.003 0.9993 490.886
0.003 0.9994 495.98
0.003 0.9995 500.746
0.003 0.9996 505.172
0.003 0.9997 509.247
0.003 0.9998 512.958
0.003 0.9999 516.291
0.003 1 519.235
0.003 1.0001 521.78
0.003 1.0002 523.92
0.003 1.0003 525.644
0.003 1.0004 526.946
0.003 1.0005 527.817
0.003 1.0006 528.251
0.003 1.0007 528.243
0.003 1.0008 527.788
0.003 1.0009 526.883
0.003 1.001 525.525
0.003 1.0011 523.713
0.003 1.0012 521.447
0.003 1.0013 518.727
0.003 1.0014 515.553
0.003 1.0015 511.925
0.003 1.0016 507.848
0.003 1.0017 503.323
0.003 1.0018 498.356
0.003 1.0019 492.951
0.003 1.002 487.117
0.003 1.0021 480.86
0.003 1.0022 474.298
0.003 1.0023 467.948
0.003 1.0024 461.87
0.003 1.0025 456.047
0.003 1.0026 450.461
0.003 1.0027 445.103
0.003 1.0028 439.96
0.003 1.0029 435.019
0.003 1.003 430.27
0.003 1.0031 425.702
0.003 1.0032 421.306
0.003 1.0033 417.071
0.003 1.0034 412.991
0.003 1.0035 409.058
0.003 1.0036 405.263
0.003 1.0037 401.6
0.003 1.0038 398.063
0.003 1.0039 394.645
0.003 1.004 391.339
0.003 1.0041 388.141
0.003 1.0042 385.047
0.003 1.0043 382.05
0.003 1.0044 379.148
0.003 1.0045 376.333
0.003 1.0046 373.606
0.003 1.0047 370.96
0.003 1.0048 368.392
0.003 1.0049 365.898
0.003 1.005 363.477
0.003 1.0051 361.126
0.003 1.0052 358.836
0.003 1.0053 356.615
0.003 1.0054 354.448
0.003 1.0055 352.345
0.003 1.0056 350.296
0.003 1.0057 348.301
0.003 1.0058 346.356
0.003 1.0059 344.462
0.003 1.006 342.615
0.003 1.0061 340.815
0.003 1.0062 339.06
0.003 1.0063 337.346
0.003 1.0064 335.672
0.003 1.0065 334.04
0.003 1.0066 332.448
0.003 1.0067 330.889
0.003 1.0068 329.371
0.003 1.0069 327.883
0.003 1.007 326.433
0.003 1.0071 325.011
0.003 1.0072 323.623
0.003 1.0073 322.26
0.003 1.0074 320.934
0.003 1.0075 319.633
0.003 1.0076 318.358
0.003 1.0077 317.111
0.003 1.0078 315.89
0.003 1.0079 314.696
0.003 1.008 313.523
0.003 1.0081 312.372
0.003 1.0082 311.246
0.003 1.0083 310.141
0.003 1.0084 309.06
0.003 1.0085 308
0.003 1.0086 306.959
0.003 1.0087 305.937
0.003 1.0088 304.935
0.003 1.0089 303.952
0.003 1.009 302.986
0.003 1.0091 302.041
0.003 1.0092 301.113
0.003 1.0093 300.2
0.003 1.0094 299.302
0.003 1.0095 298.42
0.003 1.0096 297.552
0.003 1.0097 296.697
0.003 1.0098 295.865
0.003 1.0099 295.045
0.003 1.01 294.236
0.003 1.0101 293.437
0.003 1.0102 292.66
0.003 1.0103 291.895
0.003 1.0104 291.137
0.003 1.0105 290.388
0.003 1.0106 289.661
0.003 1.0107 288.94
0.003 1.0108 288.226
0.003 1.0109 287.536
0.003 1.011 286.849
0.003 1.0111 286.168
0.003 1.0112 285.507
0.003 1.0113 284.847
0.003 1.0114 284.207
0.003 1.0115 283.572
0.003 1.0116 282.938
0.003 1.0117 282.329
0.003 1.0118 281.714
0.003 1.0119 281.121
0.003 1.012 280.525
0.003 1.0121 279.95
0.003 1.0122 279.372
0.003 1.0123 278.809
0.003 1.0124 278.251
0.003 1.0125 277.7
0.003 1.0126 277.159
0.003 1.0127 276.626
0.003 1.0128 276.094
0.003 1.0129 275.58
0.003 1.013 275.061
0.003 1.0131 274.561
0.003 1.0132 274.053
0.003 1.0133 273.568
0.003 1.0134 273.075
0.003 1.0135 272.6
0.003 1.0136 272.126
0.003 1.0137 271.656
0.003 1.0138 271.2
0.003 1.0139 270.734
0.003 1.014 270.295
0.003 1.0141 269.842
0.003 1.0142 269.41
0.003 1.0143 268.976
0.003 1.0144 268.541
0.003 1.0145 268.126
0.003 1.0146 267.708
0.003 1.0147 267.29
0.003 1.0148 266.892
0.003 1.0149 266.48
0.003 1.015 266.088
0.003 1.0151 265.697
0.003 1.0152 265.299
0.003 1.0153 264.924
0.003 1.0154 264.544
0.003 1.0155 264.162
0.003 1.0156 263.797
0.003 1.0157 263.434
0.003 1.0158 263.062
0.003 1.0159 262.71
0.003 1.016 262.361
0.003 1.0161 262.001
0.003 1.0162 261.659
0.003 1.0163 261.322
0.003 1.0164 260.977
0.003 1.0165 260.639
0.003 1.0166 260.315
0.003 1.0167 259.987
0.003 1.0168 259.654
0.003 1.0169 259.338
0.003 1.017 259.027
0.003 1.0171 258.709
0.003 1.0172 258.389
0.003 1.0173 258.094
0.003 1.0174 257.791
0.003 1.0175 257.479
0.003 1.0176 257.185
0.003 1.0177 256.897
0.003 1.0178 256.602
0.003 1.0179 256.307
0.003 1.018 256.024
0.003 1.0181 255.746
0.003 1.0182 255.467
0.003 1.0183 255.181
0.003 1.0184 254.906
0.003 1.0185 254.643
0.003 1.0186 254.375
0.003 1.0187 254.1
0.003 1.0188 253.831
0.003 1.0189 253.581
0.003 1.019 253.325
0.003 1.0191 253.061
0.003 1.0192 252.797
0.003 1.0193 252.557
0.003 1.0194 252.312
0.003 1.0195 252.063
0.003 1.0196 251.813
0.003 1.0197 251.566
0.003 1.0198 251.335
0.003 1.0199 251.101
0.003 1.02 250.864

0.004 0.99 199.719
0.004 0.9901 199.719
0.004 0.9902 199.72
0.004 0.9903 199.72
0.004 0.9904 199.721
0.004 0.9905 199.722
0.004 0.9906 199.722
0.004 0.9907 199.723
0.004 0.9908 199.723
0.004 0.9909 199.724
0.004 0.991 199.724
0.004 0.9911 199.725
0.004 0.9912 199.726
0.004 0.9913 199.726
0.004 0.9914 199.727
0.004 0.9915 199.727
0.004 0.9916 199.728
0.004 0.9917 199.728
0.004 0.9918 199.729
0.004 0.9919 199.73
0.004 0.992 199.73
0.004 0.9921 199.731
0.004 0.9922 199.731
0.004 0.9923 199.732
0.004 0.9924 199.732
0.004 0.9925 199.733
0.004 0.9926 199.734
0.004 0.9927 199.734
0.004 0.9928 199.735
0.004 0.9929 199.735
0.004 0.993 199.736
0.004 0.9931 199.736
0.004 0.9932 199.737
0.004 0.9933 199.738
0.004 0.9934 199.738
0.004 0.9935 199.739
0.004 0.9936 199.739
0.004 0.9937 199.74
0.004 0.9938 199.74
0.004 0.9939 199.741
0.004 0.994 199.742
0.004 0.9941 199.742
0.004 0.9942 199.743
0.004 0.9943 199.743
0.004 0.9944 199.744
0.004 0.9945 199.744
0.004 0.9946 199.745
0.004 0.9947 199.746
0.004 0.9948 199.746
0.004 0.9949 199.747
0.004 0.995 199.747
0.004 0.9951 201.636
0.004 0.9952 205.06
0.004 0.9953 208.618
0.004 0.9954 212.314
0.004 0.9955 216.148
0.004 0.9956 220.126
0.004 0.9957 224.248
0.004 0.9958 228.515
0.004 0.9959 232.931
0.004 0.996 237.496
0.004 0.9961 242.213
0.004 0.9962 247.084
0.004 0.9963 252.112
0.004 0.9964 257.297
0.004 0.9965 262.633
0.004 0.9966 268.077
0.004 0.9967 273.617
0.004 0.9968 279.246
0.004 0.9969 284.954
0.004 0.997 290.728
0.004 0.9971 296.559
0.004 0.9972 302.436
0.004 0.9973 308.348
0.004 0.9974 314.279
0.004 0.9975 320.215
0.004 0.9976 326.152
0.004 0.9977 332.066
0.004 0.9978 337.951
0.004 0.9979 343.787
0.004 0.998 349.568
0.004 0.9981 355.274
0.004 0.9982 360.891
0.004 0.9983 366.409
0.004 0.9984 371.975
0.004 0.9985 377.404
0.004 0.9986 382.552
0.004 0.9987 387.546
0.004 0.9988 392.371
0.004 0.9989 397.014
0.004 0.999 401.464
0.004 0.9991 405.709
0.004 0.9992 409.736
0.004 0.9993 413.532
0.004 0.9994 417.089
0.004 0.9995 420.398
0.004 0.9996 423.441
0.004 0.9997 426.218
0.004 0.9998 428.715
0.004 0.9999 430.922
0.004 1 432.837
0.004 1.0001 434.443
0.004 1.0002 435.746
0.004 1.0003 436.727
0.004 1.0004 437.391
0.004 1.0005 437.725
0.004 1.0006 437.728
0.004 1.0007 437.4
0.004 1.0008 436.727
0.004 1.0009 435.723
0.004 1.001 434.373
0.004 1.0011 432.677
0.004 1.0012 430.647
0.004 1.0013 428.269
0.004 1.0014 425.55
0.004 1.0015 422.497
0.004 1.0016 419.102
0.004 1.0017 415.375
0.004 1.0018 411.323
0.004 1.0019 406.942
0.004 1.002 402.403
0.004 1.0021 398.024
0.004 1.0022 393.804
0.004 1.0023 389.739
0.004 1.0024 385.822
0.004 1.0025 382.047
0.004 1.0026 378.41
0.004 1.0027 374.9
0.004 1.0028 371.517
0.004 1.0029 368.251
0.004 1.003 365.099
0.004 1.0031 362.054
0.004 1.0032 359.114
0.004 1.0033 356.27
0.004 1.0034 353.522
0.004 1.0035 350.863
0.004 1.0036 348.291
0.004 1.0037 345.8
0.004 1.0038 343.387
0.004 1.0039 341.049
0.004 1.004 338.783
0.004 1.0041 336.584
0.004 1.0042 334.453
0.004 1.0043 332.385
0.004 1.0044 330.375
0.004 1.0045 328.425
0.004 1.0046 326.529
0.004 1.0047 324.688
0.004 1.0048 322.896
0.004 1.0049 321.153
0.004 1.005 319.461
0.004 1.0051 317.81
0.004 1.0052 316.205
0.004 1.0053 314.641
0.004 1.0054 313.117
0.004 1.0055 311.634
0.004 1.0056 310.185
0.004 1.0057 308.775
0.004 1.0058 307.398
0.004 1.0059 306.056
0.004 1.006 304.746
0.004 1.0061 303.464
0.004 1.0062 302.216
0.004 1.0063 300.997
0.004 1.0064 299.802
0.004 1.0065 298.64
0.004 1.0066 297.5
0.004 1.0067 296.39
0.004 1.0068 295.299
0.004 1.0069 294.236
0.004 1.007 293.194
0.004 1.0071 292.175
0.004 1.0072 291.179
0.004 1.0073 290.202
0.004 1.0074 289.242
0.004 1.0075 288.307
0.004 1.0076 287.393
0.004 1.0077 286.493
0.004 1.0078 285.612
0.004 1.0079 284.75
0.004 1.008 283.901
0.004 1.0081 283.071
0.004 1.0082 282.258
0.004 1.0083 281.458
0.004 1.0084 280.674
0.004 1.0085 279.907
0.004 1.0086 279.154
0.004 1.0087 278.414
0.004 1.0088 277.687
0.004 1.0089 276.972
0.004 1.009 276.27
0.004 1.0091 275.581
0.004 1.0092 274.901
0.004 1.0093 274.241
0.004 1.0094 273.59
0.004 1.0095 272.948
0.004 1.0096 272.314
0.004 1.0097 271.693
0.004 1.0098 271.087
0.004 1.0099 270.487
0.004 1.01 269.892
0.004 1.0101 269.317
0.004 1.0102 268.749
0.004 1.0103 268.183
0.004 1.0104 267.634
0.004 1.0105 267.092
0.004 1.0106 266.55
0.004 1.0107 266.028
0.004 1.0108 265.51
0.004 1.0109 264.997
0.004 1.011 264.499
0.004 1.0111 263.996
0.004 1.0112 263.516
0.004 1.0113 263.034
0.004 1.0114 262.56
0.004 1.0115 262.094
0.004 1.0116 261.634
0.004 1.0117 261.185
0.004 1.0118 260.731
0.004 1.0119 260.299
0.004 1.012 259.859
0.004 1.0121 259.436
0.004 1.0122 259.011
0.004 1.0123 258.601
0.004 1.0124 258.186
0.004 1.0125 257.788
0.004 1.0126 257.384
0.004 1.0127 256.994
0.004 1.0128 256.606
0.004 1.0129 256.22
0.004 1.013 255.848
0.004 1.0131 255.464
0.004 1.0132 255.109
0.004 1.0133 254.738
0.004 1.0134 254.386
0.004 1.0135 254.03
0.004 1.0136 253.677
0.004 1.0137 253.339
0.004 1.0138 252.995
0.004 1.0139 252.66
0.004 1.014 252.332
0.004 1.0141 251.993
0.004 1.0142 251.681
0.004 1.0143 251.357
0.004 1.0144 251.039
0.004 1.0145 250.732
0.004 1.0146 250.422
0.004 1.0147 250.114
0.004 1.0148 249.821
0.004 1.0149 249.518
0.004 1.015 249.224
0.004 1.0151 248.94
0.004 1.0152 248.646
0.004 1.0153 248.363
0.004 1.0154 248.087
0.004 1.0155 247.809
0.004 1.0156 247.529
0.004 1.0157 247.266
0.004 1.0158 246.998
0.004 1.0159 246.721
0.004 1.016 246.47
0.004 1.0161 246.214
0.004 1.0162 245.949
0.004 1.0163 245.698
0.004 1.0164 245.453
0.004 1.0165 245.203
0.004 1.0166 244.949
0.004 1.0167 244.714
0.004 1.0168 244.478
0.004 1.0169 244.237
0.004 1.017 243.993
0.004 1.0171 243.772
0.004 1.0172 243.544
0.004 1.0173 243.308
0.004 1.0174 243.081
0.004 1.0175 242.867
0.004 1.0176 242.645
0.004 1.0177 242.423
0.004 1.0178 242.202
0.004 1.0179 241.995
0.004 1.018 241.787
0.004 1.0181 241.573
0.004 1.0182 241.353
0.004 1.0183 241.158
0.004 1.0184 240.961
0.004 1.0185 240.757
0.004 1.0186 240.547
0.004 1.0187 240.353
0.004 1.0188 240.164
0.004 1.0189 239.97
0.004 1.019 239.774
0.004 1.0191 239.575
0.004 1.0192 239.395
0.004 1.0193 239.211
0.004 1.0194 239.029
0.004 1.0195 238.841
0.004 1.0196 238.648
0.004 1.0197 238.477
0.004 1.0198 238.306
0.004 1.0199 238.13
0.004 1.02 237.949

0.005 0.99 199.406
0.005 0.9901 199.407
0.005 0.9902 199.408
0.005 0.9903 199.408
0.005 0.9904 199.409
0.005 0.9905 199.409
0.005 0.9906 199.41
0.005 0.9907 199.41
0.005 0.9908 199.411
0.005 0.9909 199.412
0.005 0.991 199.412
0.005 0.9911 199.413
0.005 0.9912 199.413
0.005 0.9913 199.414
0.005 0.9914 199.414
0.005 0.9915 199.415
0.005 0.9916 199.416
0.005 0.9917 199.416
0.005 0.9918 199.417
0.005 0.9919 199.417
0.005 0.992 199.418
0.005 0.9921 199.418
0.005 0.9922 199.419
0.005 0.9923 199.42
0.005 0.9924 199.42
0.005 0.9925 199.421
0.005 0.9926 199.421
0.005 0.9927 199.422
0.005 0.9928 199.422
0.005 0.9929 199.423
0.005 0.993 199.424
0.005 0.9931 199.424
0.005 0.9932 199.425
0.005 0.9933 199.425
0.005 0.9934 199.426
0.005 0.9935 199.426
0.005 0.9936 199.427
0.005 0.9937 199.428
0.005 0.9938 199.428
0.005 0.9939 199.429
0.005 0.994 199.429
0.005 0.9941 199.43
0.005 0.9942 199.43
0.005 0.9943 199.431
0.005 0.9944 199.432
0.005 0.9945 199.432
0.005 0.9946 199.433
0.005 0.9947 199.433
0.005 0.9948 199.434
0.005 0.9949 199.434
0.005 0.995 199.435
0.005 0.9951 199.436
0.005 0.9952 199.436
0.005 0.9953 199.437
0.005 0.9954 200.843
0.005 0.9955 204.058
0.005 0.9956 207.369
0.005 0.9957 210.778
0.005 0.9958 214.285
0.005 0.9959 217.891
0.005 0.996 221.597
0.005 0.9961 225.403
0.005 0.9962 229.311
0.005 0.9963 233.32
0.005 0.9964 237.43
0.005 0.9965 241.633
0.005 0.9966 245.896
0.005 0.9967 250.212
0.005 0.9968 254.572
0.005 0.9969 258.972
0.005 0.997 263.404
0.005 0.9971 267.862
0.005 0.9972 272.337
0.005 0.9973 276.821
0.005 0.9974 281.305
0.005 0.9975 285.78
0.005 0.9976 290.235
0.005 0.9977 294.663
0.005 0.9978 299.057
0.005 0.9979 303.401
0.005 0.998 307.691
0.005 0.9981 311.913
0.005 0.9982 316.06
0.005 0.9983 320.12
0.005 0.9984 324.087
0.005 0.9985 328.071
0.005 0.9986 331.907
0.005 0.9987 335.534
0.005 0.9988 339.028
0.005 0.9989 342.378
0.005 0.999 345.573
0.005 0.9991 348.609
0.005 0.9992 351.474
0.005 0.9993 354.16
0.005 0.9994 356.659
0.005 0.9995 358.965
0.005 0.9996 361.069
0.005 0.9997 362.965
0.005 0.9998 364.646
0.005 0.9999 366.108
0.005 1 367.342
0.005 1.0001 368.344
0.005 1.0002 369.108
0.005 1.0003 369.631
0.005 1.0004 369.91
0.005 1.0005 369.944
0.005 1.0006 369.724
0.005 1.0007 369.249
0.005 1.0008 368.518
0.005 1.0009 367.536
0.005 1.001 366.294
0.005 1.0011 364.792
0.005 1.0012 363.032
0.005 1.0013 361.021
0.005 1.0014 358.752
0.005 1.0015 356.228
0.005 1.0016 353.455
0.005 1.0017 350.436
0.005 1.0018 347.264
0.005 1.0019 344.173
0.005 1.002 341.181
0.005 1.0021 338.283
0.005 1.0022 335.478
0.005 1.0023 332.763
0.005 1.0024 330.136
0.005 1.0025 327.596
0.005 1.0026 325.137
0.005 1.0027 322.76
0.005 1.0028 320.458
0.005 1.0029 318.233
0.005 1.003 316.077
0.005 1.0031 313.99
0.005 1.0032 311.968
0.005 1.0033 310.011
0.005 1.0034 308.115
0.005 1.0035 306.276
0.005 1.0036 304.493
0.005 1.0037 302.765
0.005 1.0038 301.088
0.005 1.0039 299.46
0.005 1.004 297.88
0.005 1.0041 296.346
0.005 1.0042 294.855
0.005 1.0043 293.407
0.005 1.0044 291.999
0.005 1.0045 290.63
0.005 1.0046 289.298
0.005 1.0047 288.005
0.005 1.0048 286.742
0.005 1.0049 285.518
0.005 1.005 284.322
0.005 1.0051 283.157
0.005 1.0052 282.023
0.005 1.0053 280.919
0.005 1.0054 279.842
0.005 1.0055 278.791
0.005 1.0056 277.766
0.005 1.0057 276.768
0.005 1.0058 275.794
0.005 1.0059 274.841
0.005 1.006 273.909
0.005 1.0061 273.004
0.005 1.0062 272.116
0.005 1.0063 271.25
0.005 1.0064 270.403
0.005 1.0065 269.577
0.005 1.0066 268.765
0.005 1.0067 267.976
0.005 1.0068 267.2
0.005 1.0069 266.441
0.005 1.007 265.703
0.005 1.0071 264.976
0.005 1.0072 264.267
0.005 1.0073 263.568
0.005 1.0074 262.887
0.005 1.0075 262.22
0.005 1.0076 261.568
0.005 1.0077 260.927
0.005 1.0078 260.299
0.005 1.0079 259.685
0.005 1.008 259.081
0.005 1.0081 258.487
0.005 1.0082 257.907
0.005 1.0083 257.338
0.005 1.0084 256.777
0.005 1.0085 256.227
0.005 1.0086 255.691
0.005 1.0087 255.163
0.005 1.0088 254.645
0.005 1.0089 254.136
0.005 1.009 253.634
0.005 1.0091 253.14
0.005 1.0092 252.661
0.005 1.0093 252.188
0.005 1.0094 251.721
0.005 1.0095 251.258
0.005 1.0096 250.812
0.005 1.0097 250.37
0.005 1.0098 249.93
0.005 1.0099 249.507
0.005 1.01 249.087
0.005 1.0101 248.668
0.005 1.0102 248.267
0.005 1.0103 247.865
0.005 1.0104 247.466
0.005 1.0105 247.083
0.005 1.0106 246.698
0.005 1.0107 246.326
0.005 1.0108 245.955
0.005 1.0109 245.588
0.005 1.011 245.233
0.005 1.0111 244.876
0.005 1.0112 244.532
0.005 1.0113 244.182
0.005 1.0114 243.853
0.005 1.0115 243.513
0.005 1.0116 243.191
0.005 1.0117 242.863
0.005 1.0118 242.551
0.005 1.0119 242.23
0.005 1.012 241.93
0.005 1.0121 241.617
0.005 1.0122 241.324
0.005 1.0123 241.024
0.005 1.0124 240.733
0.005 1.0125 240.447
0.005 1.0126 240.159
0.005 1.0127 239.884
0.005 1.0128 239.599
0.005 1.0129 239.334
0.005 1.013 239.062
0.005 1.0131 238.797
0.005 1.0132 238.539
0.005 1.0133 238.27
0.005 1.0134 238.026
0.005 1.0135 237.769
0.005 1.0136 237.522
0.005 1.0137 237.278
0.005 1.0138 237.032
0.005 1.0139 236.795
0.005 1.014 236.563
0.005 1.0141 236.319
0.005 1.0142 236.099
0.005 1.0143 235.87
0.005 1.0144 235.637
0.005 1.0145 235.424
0.005 1.0146 235.205
0.005 1.0147 234.98
0.005 1.0148 234.774
0.005 1.0149 234.565
0.005 1.015 234.346
0.005 1.0151 234.147
0.005 1.0152 233.945
0.005 1.0153 233.738
0.005 1.0154 233.54
0.005 1.0155 233.346
0.005 1.0156 233.151
0.005 1.0157 232.95
0.005 1.0158 232.769
0.005 1.0159 232.583
0.005 1.016 232.389
0.005 1.0161 232.207
0.005 1.0162 232.031
0.005 1.0163 231.848
0.005 1.0164 231.664
0.005 1.0165 231.493
0.005 1.0166 231.323
0.005 1.0167 231.15
0.005 1.0168 230.969
0.005 1.0169 230.808
0.005 1.017 230.647
0.005 1.0171 230.478
0.005 1.0172 230.306
0.005 1.0173 230.153
0.005 1.0174 229.997
0.005 1.0175 229.837
0.005 1.0176 229.674
0.005 1.0177 229.52
0.005 1.0178 229.372
0.005 1.0179 229.223
0.005 1.018 229.068
0.005 1.0181 228.91
0.005 1.0182 228.774
0.005 1.0183 228.632
0.005 1.0184 228.485
0.005 1.0185 228.335
0.005 1.0186 228.194
0.005 1.0187 228.061
0.005 1.0188 227.923
0.005 1.0189 227.785
0.005 1.019 227.641
0.005 1.0191 227.507
0.005 1.0192 227.38
0.005 1.0193 227.252
0.005 1.0194 227.118
0.005 1.0195 226.98
0.005 1.0196 226.851
0.005 1.0197 226.733
0.005 1.0198 226.61
0.005 1.0199 226.482
0.005 1.02 226.354

0.007 0.99 198.784
0.007 0.9901 198.784
0.007 0.9902 198.785
0.007 0.9903 198.786
0.007 0.9904 198.786
0.007 0.9905 198.787
0.007 0.9906 198.787
0.007 0.9907 198.788
0.007 0.9908 198.788
0.007 0.9909 198.789
0.007 0.991 198.79
0.007 0.9911 198.79
0.007 0.9912 198.791
0.007 0.9913 198.791
0.007 0.9914 198.792
0.007 0.9915 198.792
0.007 0.9916 198.793
0.007 0.9917 198.794
0.007 0.9918 198.794
0.007 0.9919 198.795
0.007 0.992 198.795
0.007 0.9921 198.796
0.007 0.9922 198.796
0.007 0.9923 198.797
0.007 0.9924 198.798
0.007 0.9925 198.798
0.007 0.9926 198.799
0.007 0.9927 198.799
0.007 0.9928 198.8
0.007 0.9929 198.8
0.007 0.993 198.801
0.007 0.9931 198.802
0.007 0.9932 198.802
0.007 0.9933 198.803
0.007 0.9934 198.803
0.007 0.9935 198.804
0.007 0.9936 198.804
0.007 0.9937 198.805
0.007 0.9938 198.806
0.007 0.9939 198.806
0.007 0.994 198.807
0.007 0.9941 198.807
0.007 0.9942 198.808
0.007 0.9943 198.808
0.007 0.9944 198.809
0.007 0.9945 198.81
0.007 0.9946 198.81
0.007 0.9947 198.811
0.007 0.9948 198.811
0.007 0.9949 198.812
0.007 0.995 198.812
0.007 0.9951 198.813
0.007 0.9952 198.814
0.007 0.9953 198.814
0.007 0.9954 198.815
0.007 0.9955 198.815
0.007 0.9956 198.816
0.007 0.9957 198.816
0.007 0.9958 198.817
0.007 0.9959 198.818
0.007 0.996 198.818
0.007 0.9961 198.819
0.007 0.9962 198.819
0.007 0.9963 200.316
0.007 0.9964 202.973
0.007 0.9965 205.667
0.007 0.9966 208.376
0.007 0.9967 211.096
0.007 0.9968 213.82
0.007 0.9969 216.544
0.007 0.997 219.269
0.007 0.9971 221.987
0.007 0.9972 224.693
0.007 0.9973 227.384
0.007 0.9974 230.056
0.007 0.9975 232.706
0.007 0.9976 235.327
0.007 0.9977 237.915
0.007 0.9978 240.464
0.007 0.9979 242.971
0.007 0.998 245.429
0.007 0.9981 247.835
0.007 0.9982 250.182
0.007 0.9983 252.466
0.007 0.9984 254.68
0.007 0.9985 256.822
0.007 0.9986 258.886
0.007 0.9987 260.961
0.007 0.9988 262.856
0.007 0.9989 264.657
0.007 0.999 266.36
0.007 0.9991 267.961
0.007 0.9992 269.455
0.007 0.9993 270.838
0.007 0.9994 272.107
0.007 0.9995 273.255
0.007 0.9996 274.283
0.007 0.9997 275.183
0.007 0.9998 275.956
0.007 0.9999 276.594
0.007 1 277.099
0.007 1.0001 277.467
0.007 1.0002 277.692
0.007 1.0003 277.781
0.007 1.0004 277.721
0.007 1.0005 277.52
0.007 1.0006 277.172
0.007 1.0007 276.675
0.007 1.0008 276.036
0.007 1.0009 275.246
0.007 1.001 274.309
0.007 1.0011 273.228
0.007 1.0012 271.997
0.007 1.0013 270.624
0.007 1.0014 269.108
0.007 1.0015 267.508
0.007 1.0016 265.932
0.007 1.0017 264.387
0.007 1.0018 262.876
0.007 1.0019 261.4
0.007 1.002 259.963
0.007 1.0021 258.564
0.007 1.0022 257.204
0.007 1.0023 255.883
0.007 1.0024 254.6
0.007 1.0025 253.355
0.007 1.0026 252.148
0.007 1.0027 250.978
0.007 1.0028 249.843
0.007 1.0029 248.743
0.007 1.003 247.677
0.007 1.0031 246.644
0.007 1.0032 245.642
0.007 1.0033 244.671
0.007 1.0034 243.731
0.007 1.0035 242.818
0.007 1.0036 241.934
0.007 1.0037 241.076
0.007 1.0038 240.245
0.007 1.0039 239.438
0.007 1.004 238.654
0.007 1.0041 237.894
0.007 1.0042 237.157
0.007 1.0043 236.442
0.007 1.0044 235.747
0.007 1.0045 235.071
0.007 1.0046 234.415
0.007 1.0047 233.779
0.007 1.0048 233.159
0.007 1.0049 232.557
0.007 1.005 231.972
0.007 1.0051 231.403
0.007 1.0052 230.85
0.007 1.0053 230.31
0.007 1.0054 229.786
0.007 1.0055 229.277
0.007 1.0056 228.78
0.007 1.0057 228.296
0.007 1.0058 227.826
0.007 1.0059 227.366
0.007 1.006 226.919
0.007 1.0061 226.485
0.007 1.0062 226.058
0.007 1.0063 225.646
0.007 1.0064 225.242
0.007 1.0065 224.847
0.007 1.0066 224.463
0.007 1.0067 224.089
0.007 1.0068 223.724
0.007 1.0069 223.366
0.007 1.007 223.018
0.007 1.0071 222.676
0.007 1.0072 222.344
0.007 1.0073 222.019
0.007 1.0074 221.701
0.007 1.0075 221.392
0.007 1.0076 221.089
0.007 1.0077 220.792
0.007 1.0078 220.504
0.007 1.0079 220.221
0.007 1.008 219.942
0.007 1.0081 219.669
0.007 1.0082 219.403
0.007 1.0083 219.146
0.007 1.0084 218.894
0.007 1.0085 218.645
0.007 1.0086 218.4
0.007 1.0087 218.162
0.007 1.0088 217.931
0.007 1.0089 217.701
0.007 1.009 217.474
0.007 1.0091 217.259
0.007 1.0092 217.044
0.007 1.0093 216.829
0.007 1.0094 216.626
0.007 1.0095 216.423
0.007 1.0096 216.221
0.007 1.0097 216.03
0.007 1.0098 215.837
0.007 1.0099 215.653
0.007 1.01 215.47
0.007 1.0101 215.286
0.007 1.0102 215.112
0.007 1.0103 214.934
0.007 1.0104 214.77
0.007 1.0105 214.599
0.007 1.0106 214.437
0.007 1.0107 214.273
0.007 1.0108 214.12
0.007 1.0109 213.961
0.007 1.011 213.811
0.007 1.0111 213.658
0.007 1.0112 213.515
0.007 1.0113 213.364
0.007 1.0114 213.229
0.007 1.0115 213.084
0.007 1.0116 212.951
0.007 1.0117 212.815
0.007 1.0118 212.683
0.007 1.0119 212.553
0.007 1.012 212.422
0.007 1.0121 212.299
0.007 1.0122 212.172
0.007 1.0123 212.053
0.007 1.0124 211.934
0.007 1.0125 211.813
0.007 1.0126 211.7
0.007 1.0127 211.584
0.007 1.0128 211.471
0.007 1.0129 211.365
0.007 1.013 211.248
0.007 1.0131 211.148
0.007 1.0132 211.042
0.007 1.0133 210.932
0.007 1.0134 210.836
0.007 1.0135 210.737
0.007 1.0136 210.629
0.007 1.0137 210.541
0.007 1.0138 210.443
0.007 1.0139 210.342
0.007 1.014 210.255
0.007 1.0141 210.165
0.007 1.0142 210.069
0.007 1.0143 209.983
0.007 1.0144 209.899
0.007 1.0145 209.807
0.007 1.0146 209.721
0.007 1.0147 209.641
0.007 1.0148 209.559
0.007 1.0149 209.47
0.007 1.015 209.395
0.007 1.0151 209.319
0.007 1.0152 209.236
0.007 1.0153 209.156
0.007 1.0154 209.086
0.007 1.0155 209.011
0.007 1.0156 208.934
0.007 1.0157 208.857
0.007 1.0158 208.793
0.007 1.0159 208.723
0.007 1.016 208.646
0.007 1.0161 208.577
0.007 1.0162 208.514
0.007 1.0163 208.447
0.007 1.0164 208.378
0.007 1.0165 208.306
0.007 1.0166 208.249
0.007 1.0167 208.189
0.007 1.0168 208.123
0.007 1.0169 208.053
0.007 1.017 207.997
0.007 1.0171 207.94
0.007 1.0172 207.879
0.007 1.0173 207.818
0.007 1.0174 207.753
0.007 1.0175 207.702
0.007 1.0176 207.65
0.007 1.0177 207.593
0.007 1.0178 207.532
0.007 1.0179 207.473
0.007 1.018 207.427
0.007 1.0181 207.375
0.007 1.0182 207.321
0.007 1.0183 207.266
0.007 1.0184 207.208
0.007 1.0185 207.163
0.007 1.0186 207.118
0.007 1.0187 207.069
0.007 1.0188 207.016
0.007 1.0189 206.96
0.007 1.019 206.916
0.007 1.0191 206.874
0.007 1.0192 206.828
0.007 1.0193 206.78
0.007 1.0194 206.732
0.007 1.0195 206.68
0.007 1.0196 206.639
0.007 1.0197 206.6
0.007 1.0198 206.56
0.007 1.0199 206.515
0.007 1.02 206.467

